6002
6154
6153
17431
17432
17433
17434
17435
17436
17437
17438
17439
17440
17441
17442
7576
6161
6160
6166
7577
7578
7579
7580
7581
6214
6219
6224
6008
6010
6229
7582
7583
7584
7585
7586
7587
6279
6289
7588
7589
7590
7591
6316
6309
6299
6298
6288
6278
6269
6262
6254
6246
6239
6238
6245
6253
6252
6260
6261
6268
6267
6014
6277
6015
6287
6016
6297
6017
6307
6308
6315
6314
6313
6306
6296
6286
6285
6284
6283
6293
6303
6304
6294
6295
6305
6323
6322
6321
6312
6320
6330
6337
6343
6350
6358
6357
6366
6372
6379
6380
6381
6382
6023
6383
6384
6385
6374
6368
6373
6367
6359
6360
6021
6361
6352
6351
6344
6338
6339
6345
6346
6340
6333
6332
6331
6324
6019
6325
6326
7592
7593
7594
7595
7596
6353
6362
6369
7597
7598
6375
6386
6395
6394
6393
6403
6402
6413
6420
6429
6430
6431
6421
6414
6404
6405
6024
6415
6416
6406
7599
7600
6423
6422
6432
6433
6026
7601
7602
7603
7604
6471
6028
6461
6452
6442
6451
6027
6460
6470
6469
6477
6478
6479
6480
6031
6488
6495
6496
6504
7605
6513
6036
6503
6502
6494
6487
6486
6033
6035
6501
6511
6037
6510
6509
6034
6032
6493
6485
6476
6030
6475
6484
6492
6500
6508
6517
6525
6536
6038
6537
6526
6527
6538
6528
6539
6540
6529
6518
6512
6519
6520
6521
6532
7606
6543
6542
6531
6530
6541
6548
6039
6553
6547
6552
6561
6560
6559
6570
6580
6589
6590
6581
6571
6572
6562
6563
6564
6574
6583
6041
6573
6040
6582
6592
6591
6597
6042
6593
6598
7607
7608
7609
6610
6604
6603
6602
6608
6609
6614
6620
6043
6615
6616
6621
7610
7611
7612
6639
6650
6649
6638
6632
6633
6627
6626
6625
6631
6637
6648
6654
6655
6656
7613
7614
6666
6675
6676
6686
7615
6696
6695
6700
6047
6704
6708
6048
6049
6712
7616
6716
6050
6720
6724
6728
7617
6736
6740
6744
7618
6752
6756
6760
7619
6768
6772
7620
7621
7622
6788
7623
7624
7625
7626
7627
7628
6816
6812
6062
6063
6064
6820
6824
7629
6832
6836
6840
7630
6848
6852
6856
7631
6864
6868
6872
7632
6880
6884
6888
7633
6896
6900
7634
7635
7636
6916
7637
7638
7639
7640
7641
7642
6936
6940
6080
6944
6948
6952
7643
6956
6083
6960
6964
6968
7644
6976
6980
6984
7645
6992
6996
6090
6091
7000
7646
7008
7012
7016
7647
7020
6095
6096
7024
7028
7648
7649
7650
7040
6097
7044
7651
7652
7653
7654
7655
7656
7072
7076
7080
7657
7088
7092
6102
6103
7096
7658
7104
7108
7112
7659
7120
7124
7128
7660
7661
7146
7156
7662
7159
6112
6113
7162
7165
7663
7664
7665
7177
7666
7667
7668
7669
7196
7670
7671
7672
6115
7673
7674
7207
7210
7213
7675
7676
7216
7219
7677
7678
7679
7680
7681
7682
7683
7684
7685
7686
7687
7688
7689
7690
7691
7692
7693
7694
7695
7696
7697
7345
7351
7359
7369
7379
7378
7368
7367
6132
7387
7397
7398
7388
7698
7699
7700
7701
7418
7417
7427
7434
6139
7444
6140
7454
7455
7445
7435
7428
7702
7703
7704
7705
7465
6141
7464
7469
7474
7475
7470
7706
7707
7708
7480
7485
7490
7495
7500
7709
7710
7711
7712
7713
7714
7715
7716
7717
7718
7719
7720
7721
7722
7723
7724
17647
17646
17645
17644
17643
17642
17641
17640
17639
17638
17637
7572
7567
7562
7563
7558
7557
7552
7553
7548
7547
7542
7543
7538
7537
7532
7533
7528
7527
7522
7517
7512
7507
7502
7497
7498
7503
7509
7508
7513
7514
7519
7518
7523
7524
7529
7534
7539
7544
7549
7554
7559
7564
7569
7568
7573
7574
7575
7570
7565
7560
7555
7550
7545
7540
7535
7530
7525
7520
7515
7510
7505
7504
7499
7494
7493
7488
7489
7484
7479
6146
7473
7478
7483
6148
6150
6151
6149
6147
6145
6144
6143
6142
7459
7458
7448
7438
7439
7440
7441
7442
7452
7451
7450
7449
7460
7461
7462
7468
7463
7453
7443
7432
7433
7426
7416
7410
7411
7412
7405
7404
7403
7396
7395
6133
7386
7376
7377
7366
7365
7364
7375
7374
7383
7384
7385
7394
7402
7409
7415
7425
7424
7423
7422
6138
7431
7421
6137
6136
7408
7401
6135
6134
7393
7392
7391
7382
7372
7373
7362
7363
7356
7357
6129
7358
6130
7350
7344
7338
7339
7333
7328
7322
7316
7311
7307
7302
7298
7294
6122
7284
6121
7274
6120
7273
7272
7262
7252
7242
7241
7251
7261
7271
7281
7280
7270
7260
7250
7240
7239
7238
7248
7249
7259
7269
7279
7289
7290
7291
7292
7282
7283
7293
7297
7301
7306
7310
7315
7321
7327
7332
7326
7331
7337
7343
7349
7355
6131
7354
7348
7342
7336
7330
7325
7319
7320
7314
7313
6127
7308
7305
7309
6125
6124
6123
7288
7287
7277
7278
7268
7258
7267
7257
7247
7237
7222
7223
7224
7225
7226
7227
7230
7233
7243
7253
7263
7264
6119
7254
6118
7244
6117
7234
7231
7228
6116
7218
7215
7212
7209
7206
7204
7202
7200
7198
7188
7189
7190
7191
7192
7193
7194
7195
7185
7183
7181
7179
7176
6114
7174
7173
7170
7171
7168
7167
7164
7161
7158
7154
7155
7145
7136
7144
7153
7152
7151
7150
7149
7148
7138
7139
7140
7141
7142
7143
7135
7131
7132
7127
6109
6108
7123
7119
6107
7116
7115
7111
6106
6105
7107
7103
6104
7100
7099
7095
7091
7087
6101
7084
7083
7079
6100
6099
7075
7071
6098
7068
7067
7063
7064
7060
7059
7055
7056
7052
7051
7047
7048
7043
7039
7035
7036
7032
7031
7027
7023
7019
7015
6094
6093
7011
7007
6092
7004
7003
6999
6995
6991
6089
6988
6987
6983
6088
6087
6979
6975
6086
6972
6971
6967
6085
6084
6963
6959
6955
6951
6082
6081
6947
6943
6939
6935
6931
6932
6928
6927
6923
6924
6920
6919
6915
6079
6912
6911
6907
6908
6904
6903
6899
6895
6078
6077
6892
6891
6887
6076
6075
6883
6879
6074
6876
6875
6871
6073
6072
6867
6863
6071
6860
6859
6855
6070
6069
6851
6847
6068
6844
6843
6839
6067
6066
6835
6831
6065
6828
6827
6823
6819
6815
6811
6807
6808
6804
6803
6800
6799
6795
6796
6792
6791
6787
6061
6784
6783
6779
6780
6776
6775
6771
6767
6060
6059
6764
6763
6759
6058
6057
6755
6751
6056
6748
6747
6743
6055
6054
6739
6735
6053
6732
6731
6727
6052
6051
6723
6719
6715
6711
6707
6703
6699
6694
6685
6684
6674
6665
6664
6663
6647
6646
6645
6644
6662
6671
6672
6673
6683
6693
6682
6692
6691
6681
6690
6689
6046
6045
6679
6680
6670
6661
6660
6669
6044
6659
6653
6643
6642
6636
6630
6624
6619
6613
6607
6601
6596
6586
6577
6567
6568
6578
6587
6588
6579
6569
6558
6557
6556
6551
6546
6535
6524
6516
6507
6499
6491
6483
6474
6464
6455
6445
6436
6425
6418
6025
6419
6426
6437
6446
6456
6465
6466
6029
6467
6468
6459
6449
6450
6441
6440
6439
6448
6458
6457
6447
6438
6427
6428
6412
6401
6392
6391
6400
6411
6410
6409
6398
6399
6390
6389
6378
6371
6022
6365
6356
6349
6342
6336
6329
6319
6311
6302
6292
6282
6272
6264
6257
6249
6241
6012
6232
6226
6009
6221
6216
6217
6222
6227
6236
6235
6234
6233
6242
6250
6258
6265
6273
6274
6275
6276
6266
6259
6251
6243
6244
6237
6011
6228
6223
6218
6006
6213
6208
6198
6209
6199
6189
6188
6187
6186
6196
6197
6207
6206
6205
6204
6194
6195
6185
6184
6183
6193
6203
6212
6211
6004
6202
6192
6182
6177
6169
6164
6170
6178
6171
6172
6173
6174
6179
6176
6175
6165
6159
6158
6157
6156
6155
