17349
17525
23741
23742
23752
23753
23743
23744
25209
17526
17527
17528
17529
17530
17531
21879
21888
21901
21906
21915
21924
21940
21955
21964
21973
21982
21991
22000
22010
22020
22046
21518
22056
21519
22064
21520
22079
21521
22087
21522
22094
22101
22107
22117
22128
22138
22146
22154
22163
21523
22170
22177
21524
22185
22195
22202
22210
22219
22228
22238
22247
22256
22264
21525
22273
22283
21526
22293
22303
22313
21527
22323
21528
22332
21529
22342
21530
22352
21531
22362
21532
22371
21533
22380
21534
22389
22398
22406
21535
22415
22425
22434
22442
22450
21536
22456
21537
22462
21538
22469
21539
22474
21540
22479
21541
22484
21542
22493
21543
22497
21544
22500
21545
22503
21546
22506
21547
22509
21548
22512
21549
22515
21550
22518
21551
22521
21552
22524
21553
22527
21554
22530
21555
22534
21556
22538
21557
22542
21558
22545
21559
22549
21560
22553
21561
22557
21562
22561
21563
22565
21564
22569
21565
22572
21566
22575
21567
22578
21568
22582
21569
22585
21570
22588
21571
22591
21572
22595
21573
22598
21574
22601
21575
22604
21576
22608
21577
22611
21578
22614
21579
22617
21580
22621
21581
22624
21582
22627
21583
22630
21584
22634
21585
22637
21586
22640
21587
22644
21588
22648
21589
22652
21590
22655
21591
22659
21592
22663
21593
22667
21594
22671
21595
22675
21596
22679
21597
22682
21598
22685
21599
22688
21600
22692
21601
22695
21602
22698
21603
22701
21604
22705
21605
22708
21606
22711
21607
22714
21608
22718
21609
22721
21610
22724
21611
22727
21612
22731
21613
22734
21614
22737
21615
22740
21616
22744
21617
22747
21618
22750
21619
22754
21620
22758
21621
22762
21622
22765
21623
22769
21624
22773
21625
22777
21626
22781
21627
22785
21628
22789
21629
22792
21630
22795
21631
22798
21632
22802
21633
22805
21634
22808
21635
22811
21636
22815
21637
22818
21638
22821
21639
22824
21640
22828
21641
22831
21642
22834
21643
22837
21644
22841
21645
22844
21646
22847
21647
22850
21648
22854
21649
22857
21650
22860
21651
22864
21652
22868
21653
22872
21654
22875
21655
22879
21656
22883
21657
22887
21658
22891
21659
22895
21660
22899
21661
22902
21662
22905
21663
22908
22912
21664
22922
21665
22925
21666
22928
22932
22936
22940
21667
22944
21668
22949
22953
22957
22965
22975
22984
22993
23002
21669
23012
21670
23017
21671
23023
21672
23034
21673
23039
21674
23045
23051
21675
23056
21676
23061
21677
23066
23071
21678
23075
21679
23080
23085
21680
23095
23099
23107
23115
21681
23125
21682
23127
21683
23129
23131
23140
21684
23149
21685
23153
21686
23157
23162
23171
23180
23189
23192
23201
23210
23219
21687
23229
23231
23233
23242
21688
23251
21689
23261
21690
23263
17826
17750
17749
17748
17747
17746
17745
17744
17743
17742
17741
17740
17739
17738
25198
25197
25185
25186
25187
25199
25200
25201
25192
23734
25204
25206
25208
25354
25353
25352
25202
25351
25350
25193
25190
25189
25188
25182
23731
25176
25175
25169
25163
25157
25151
25158
25164
25170
25177
25349
25348
25171
25165
25159
25347
25346
25153
25152
25147
25146
25145
25144
25149
25150
25156
25162
25168
25174
25181
25180
23732
25179
25173
25167
25161
25155
25143
25142
25133
25124
25141
25132
25123
23721
23718
25093
25102
25094
25095
25103
25116
25125
25134
25135
25126
25127
23724
25136
25137
25345
25344
25343
25342
23723
25119
25118
25128
25117
25112
23720
25113
25107
25341
25340
23716
23715
25063
23714
25054
25055
25339
25338
25337
25046
25045
25044
25053
25062
25061
25070
25079
25071
25080
25089
25090
25099
25106
25098
25097
25105
25111
23722
25110
25104
25096
25086
25077
25087
25088
25078
25069
25060
25051
25052
25043
25035
25026
25034
25025
25016
25015
25024
25023
23711
25033
25042
23712
25059
25068
25076
25085
25084
25075
25067
25058
25050
25041
25032
25022
23710
25013
25002
25003
25004
25014
25005
24995
24994
24985
23708
24993
23707
24984
24974
24964
24955
24965
23705
24975
24976
23706
24986
24987
24996
25006
25007
25017
25027
25036
25037
25028
25018
25336
25009
25008
24997
24988
24989
24998
24999
24990
25335
24980
24979
24970
24969
24978
24977
24968
24958
24957
24967
24966
24956
24947
23703
24938
24929
23701
24922
24915
24909
24902
24894
24888
24884
24879
24880
24870
24871
24881
24885
24889
24897
24896
24895
24903
24904
24905
24911
24917
24910
24916
24923
23702
24939
24940
23704
24948
24959
24960
25334
25333
25332
24951
24950
24943
24949
24941
24930
24924
24931
24942
24932
24925
24918
24912
24919
24926
24933
24934
25331
25330
25329
25328
25327
24899
24913
24906
24898
23699
24890
25326
25325
25324
25323
25322
24866
24862
25321
25320
25319
24858
24857
24861
24865
24875
24882
24886
24874
24873
23696
24872
24864
24860
24856
24850
24849
24848
24841
24842
24843
24851
24852
24853
24854
24844
23695
24837
25318
25317
24836
23694
24835
24831
24827
24823
24819
23692
24814
24809
24815
24820
24824
24828
24832
23693
24833
24829
24825
24821
25316
25315
23691
24816
24811
24810
24805
24799
24793
24800
24806
23689
23687
24801
25314
24794
23683
24785
24779
23684
23682
23681
24774
24773
24767
24768
25313
25312
25311
24762
24761
24755
24756
24750
25310
25309
25308
24744
24743
24749
24754
24760
24766
24772
24778
24784
24792
24798
24804
24791
24790
23685
24789
24783
24777
23680
24771
24765
24759
24753
24747
24741
24748
24742
24737
24731
24725
24732
24738
23679
24733
25307
25306
25305
24721
24727
24726
24720
24715
23678
25304
24700
24699
24705
24714
24713
24719
24712
24711
24710
24736
24730
24724
24718
24709
24703
24697
24693
24689
24682
24683
24684
24704
24698
24694
24690
24685
24686
24687
24691
24695
23676
23675
23674
24678
25303
23673
23672
23671
24665
25302
23670
23669
23668
24652
25301
23667
23666
23665
24639
25300
23664
23663
23662
24626
24622
25299
25298
25297
24618
24614
24610
25296
25295
25294
24606
23661
24599
25293
25292
24595
24591
25291
23660
23659
24581
25290
23658
23657
23656
24568
25289
23655
23654
23653
24555
25288
23652
23651
23650
24542
25287
23649
23648
23647
24529
25286
23646
23645
23644
24516
24512
25285
25284
25283
24508
24504
24500
25282
25281
25280
24496
23643
24489
25279
25278
25277
24481
24485
24480
24484
24488
24492
24495
24499
24503
24507
24511
24515
24519
24522
24525
24528
24532
24535
24538
24541
24545
24548
24551
24554
24558
24561
24564
24567
24571
24574
24577
24580
24584
24587
24590
24594
24598
24602
24605
24609
24613
24617
24621
24625
24629
24632
24635
24638
24642
24645
24648
24651
24655
24658
24661
24664
24668
24671
24674
24677
24676
24673
24670
24667
24663
24660
24657
24654
24650
24647
24644
24641
24637
24634
24631
24628
24624
24620
24616
24612
24608
24604
24601
24597
24593
24589
24586
24583
24579
24576
24573
24570
24566
24563
24560
24557
24553
24550
24547
24544
24540
24537
24534
24531
24527
24524
24521
24518
24514
24510
24506
24502
24498
24494
24491
24487
24483
24479
24476
24473
24469
24466
24463
24460
24456
24453
24450
24447
24443
24451
24454
24457
24461
24464
24467
24470
24474
24477
23642
23641
24471
25276
23640
23639
23638
24458
25275
23637
23636
23635
24445
24448
24444
24441
24438
24440
24437
24434
24430
24427
24435
24431
24428
24425
24422
24424
24421
24417
24414
24411
24418
24415
24412
24409
24405
24408
24404
24400
24396
24392
24401
24397
24393
24389
24385
24390
24394
24398
24402
24406
23626
23627
23628
24419
23629
23630
23631
24432
23632
23633
23634
25274
25273
25272
25271
25270
25269
25268
25267
25266
24386
23625
24379
24375
25265
25264
25263
24371
23624
23623
24361
25262
23622
23621
23620
24348
25261
23619
23618
23617
24335
25260
23616
23615
23614
24322
25259
23613
23612
23611
24309
25258
25257
24300
23610
24299
24293
24294
24295
24286
25256
24259
24250
24239
25255
25254
25253
24228
24227
24238
24249
23604
24248
24237
24226
24216
24205
24194
24183
24184
24195
24206
24217
23602
24207
24196
25252
25251
25250
24185
23601
24174
24173
24163
24164
23600
24154
24153
24152
24151
24161
24162
24172
24171
24181
24182
24193
24192
24203
24204
24215
24214
24224
24225
24235
24223
24213
24202
24191
24180
24170
24160
24150
24141
24140
24149
24159
24169
24179
24190
24201
24212
24222
24233
24244
24255
24264
23605
24256
24245
24234
24257
24246
24236
24247
23603
24258
24267
24268
24269
24277
24285
24284
24276
24266
24265
24275
24282
24283
24292
24291
24298
24308
24307
24312
24315
24318
24321
24325
24328
24331
24334
24338
24341
24344
24347
24351
24354
24357
24360
24364
24367
24370
24374
24378
24382
24388
24384
24381
24377
24373
24369
24366
24363
24359
24356
24353
24350
24346
24343
24340
24337
24333
24330
24327
24324
24320
24317
24314
24311
24304
24305
24306
24297
24288
24289
24290
24281
24274
23607
24280
24273
24263
24254
24243
24232
24221
24211
24200
24189
24178
24168
24158
24148
24139
24130
24121
24112
24103
24093
24086
24077
24087
24078
24079
24080
24088
24096
24106
24095
24094
24104
24105
24113
24122
24131
24114
24115
24124
23598
24123
23597
24132
23599
24142
24143
24144
25249
24135
24126
24134
24133
23596
24125
24116
24117
25248
25247
25246
25245
25244
24089
23594
24099
24108
24107
23595
24098
24097
24081
24072
23593
24082
24073
25243
25242
25241
24047
24056
24065
24064
24063
24071
23592
24062
23590
24053
23589
24044
23588
24034
24033
24043
24052
24061
24070
24069
24060
24051
24042
24032
24022
23585
24015
24023
23587
24024
23586
24025
24035
24045
24054
23591
24055
24046
24036
24037
24038
24028
24027
24026
24018
24017
24016
23583
24007
24008
24009
24010
23584
24019
24011
25240
25239
25238
25237
23994
24003
24002
23993
23992
23582
24001
24000
23999
23998
24006
23997
23990
23581
23981
23991
23984
23985
23974
23965
23964
23579
23983
23982
23973
23972
23961
23950
23962
23963
23952
23951
23941
23940
23932
23924
23925
23926
23933
23942
23943
23953
23944
23934
23578
23945
23956
23955
23954
23966
23975
23967
23976
23580
23986
23987
23977
23968
23957
23946
25236
25235
23936
23935
23929
23928
23927
23918
23577
23917
23910
23916
23909
23903
23896
23889
23575
23882
23875
23868
23860
23852
23844
23572
23837
23571
23830
23570
23823
23569
23816
23568
23809
23803
23797
23565
23790
23563
23562
23767
23768
23769
23770
23761
23771
23777
23778
23785
23784
23791
23792
23799
23798
23804
23810
23805
23811
23817
23824
23831
23838
23845
23853
23861
23869
23876
23883
23890
23897
23904
23905
23911
23912
23919
23920
23913
25234
25233
25232
23907
23900
23893
25231
25230
25229
23886
23879
25228
23872
23871
23878
23885
23892
23899
23906
23898
23891
23884
23877
23870
23862
23854
23846
23839
23832
23825
23818
23826
23833
23834
23841
23840
23847
23848
23856
23855
23863
23864
25227
25226
25225
25224
25223
25222
25221
25220
25219
25218
25217
25216
25215
25214
25213
25212
25211
25210
23754
23758
23763
23773
23780
23787
23794
23801
23807
23813
23820
23827
23819
23812
23806
23800
23793
23786
23779
23772
23561
23762
23757
23756
23751
23750
23740
23739
23749
23560
23748
23738
17521
17522
17523
17524
