7725
8175
8176
8170
7910
8165
7908
8159
7907
8153
7906
8144
8143
8133
8134
8127
7905
8121
7904
8115
7903
7902
8101
8091
8081
8071
8070
8065
8064
8069
8080
8090
8100
8109
8099
8089
8079
11430
11431
10030
11432
11433
11434
11435
11436
11437
11438
11439
10246
10250
11440
11441
10255
10265
11442
11443
10275
10285
11444
11445
10291
10300
10309
10318
10324
10323
10330
10331
10337
10344
10338
10339
10332
10325
11446
11447
11448
11449
11450
11451
11452
10366
10359
10353
10346
10345
10352
10351
10357
10358
10365
10364
10373
10374
10381
10380
10391
10390
10400
10401
10412
10420
10421
10413
10402
10392
10403
10414
10422
11455
11456
11457
11458
10455
10463
11460
11459
8299
8295
8300
8296
8286
8287
7919
7920
7922
8311
8317
8326
8327
8336
8335
8345
8352
8353
8363
8362
8372
7929
8388
8387
8396
8397
8408
8422
7932
7931
8407
8406
8395
8386
8379
8371
8361
8351
8344
8334
8325
8316
8310
8305
8304
8309
8315
8324
8333
7732
8343
8350
8360
7733
8370
8378
8385
8394
8405
8416
8421
8430
8440
8450
8460
7734
8470
7735
8477
7736
8485
7737
8493
7738
8501
7739
8508
7740
8516
7741
8524
7742
8532
7743
8542
8551
7744
8562
8570
8577
7745
8586
7746
8593
7747
8599
7748
8605
7749
8611
7750
8618
7751
8624
7752
8630
7753
8636
7754
8643
7755
8649
7756
8655
7757
8661
7758
8668
7759
8674
7760
8680
7761
8686
7762
8693
7763
8699
7764
8705
7765
8712
7766
8719
7767
8726
7768
8732
7769
8739
7770
8746
8753
7771
8759
7772
8765
7773
8760
8754
8747
8740
8733
8727
8720
8713
8706
8700
8694
8687
8681
8675
8669
8662
8656
8650
8644
8637
8631
8625
8619
8612
8606
8600
8594
8587
8578
8571
8563
8552
8553
8544
8543
8533
8525
8517
8509
8502
8494
8486
8478
8471
8461
8451
8441
8431
8432
8433
8443
8442
8452
8453
8463
8462
8472
8479
8487
8495
8503
8510
8518
8526
8534
7937
8545
8554
8565
8564
8572
8580
8579
8588
8595
8601
8607
8613
8620
8626
8632
8638
8645
8651
8657
8663
8670
8676
8682
8688
8695
8701
8707
8714
8721
8728
8734
8741
8748
7958
8766
8772
8777
8771
7774
8776
7775
8781
8782
8787
7776
8786
7777
8792
7778
8797
8793
8798
8803
7779
8802
7780
8807
8808
8814
7781
8813
7782
8818
7783
8823
8819
8824
8829
7784
8828
7785
8834
8835
8840
7786
8839
7787
8844
7788
8849
8845
8850
8856
7789
8855
7790
8860
8861
8866
7791
8865
7792
8870
7793
8876
8871
8877
8882
7794
8881
7795
8886
8887
8893
7796
8892
7797
8898
7798
8904
8899
8905
8910
7799
8909
7800
8915
8916
8922
7801
8921
7802
8927
7803
8933
8928
8934
8940
7804
8939
7805
8945
8946
8951
7806
8950
7807
8955
7808
8960
8956
8961
8967
7809
8966
7810
8971
8972
8977
7811
8976
7812
8981
7813
8987
8982
8988
8993
7814
8992
7815
8997
8998
9003
7816
9002
7817
9008
7818
9013
9009
9014
9019
7819
9018
7820
9023
9024
9030
7821
9029
7822
9034
7823
9039
9035
9040
9045
7824
9044
7825
9050
9051
9056
7826
9055
7827
9060
7828
9066
9061
9067
9073
7829
9072
7830
9078
9079
9084
7831
9083
7832
9089
7833
9095
9090
9096
9102
7834
9101
7835
9107
9108
9114
7836
9113
7837
9119
7838
9124
9120
9125
9130
7839
9129
7840
9134
9135
9141
7841
9140
7842
9145
7843
9150
9146
9151
9156
7844
9155
7845
9161
9162
9167
7846
9166
7847
9171
7848
9176
9172
9177
9183
7849
9182
7850
9187
9188
9193
7851
9192
7852
9197
7853
9203
9198
9204
9209
7854
9208
7855
9213
9214
9219
7856
9218
7857
9224
7858
9229
9225
9230
9235
7859
9234
7860
9240
9241
9247
7861
9246
7862
9252
9253
9258
7863
9257
7864
9263
9264
9270
7865
9269
7866
9275
7867
9281
7868
9291
9292
9282
9276
8013
9283
9293
9299
9298
9304
9309
9314
9324
9325
9315
9310
9305
9300
9301
8016
8018
9317
9316
9326
9332
9331
9340
9349
9359
9369
9378
9385
9395
9405
9396
9406
9416
9426
9436
9446
9456
9466
8041
9475
9485
9495
9504
8043
9512
9521
9530
9531
9522
9513
9505
9496
9486
9476
9467
9457
9447
9437
9427
9417
9407
9397
9387
9386
9379
9380
9371
9370
9360
9350
9341
9342
9333
9334
9343
9352
9351
9361
9362
9372
9381
9388
9398
9408
9418
9428
9438
9448
9458
9468
9477
9487
9497
9506
9514
9523
9532
9541
9549
9540
9539
9548
9556
9557
8045
9565
9564
9574
9575
9576
9585
9584
9583
9592
9600
9608
9609
9601
9593
9594
9602
9610
9618
8050
9617
9623
8055
9629
9628
9622
9621
9616
9607
9599
7877
9591
9582
9573
7876
9563
7875
9555
7874
9547
9538
7873
9529
7872
9520
7871
9503
7870
9494
7869
9484
9465
9455
9445
9435
9425
9415
11541
11542
11543
11236
11229
11222
11215
11205
11204
11214
11221
11228
11235
11240
11251
11241
11544
11545
11546
11547
11548
11549
11550
11551
11552
11553
11301
11554
11555
11556
11315
11310
11306
11305
11309
11314
11318
11319
10177
11329
11557
11558
11333
11343
11559
11560
11349
11352
11355
11358
11561
11362
11365
11368
11371
11562
11375
11378
11381
11384
11563
11388
11391
11394
11397
11564
7892
9674
7891
9671
7890
9667
7889
9664
7888
9661
7887
9658
7886
9655
7885
9652
7884
9649
7883
9646
7882
9643
7881
9640
7880
9637
7879
9634
7878
9631
9627
9632
9635
9638
9641
9644
9647
9650
9653
9656
9659
9662
9665
9668
9672
9675
9678
9677
7893
9680
9681
9684
7894
9694
7895
9697
9695
9685
9686
9687
9698
9701
7896
9700
7897
9703
9704
9707
7898
9706
7899
9709
9710
17623
17622
17800
17621
17620
17619
17618
17617
17616
17615
17614
17613
17612
11429
11568
11567
11426
11423
11566
11565
11420
11417
10192
10191
11414
11411
11401
11400
11410
11409
11408
10190
10189
10188
11387
10187
10186
10185
11374
10184
10183
10182
11361
10181
10180
10179
11346
11342
11341
11340
11339
11326
11327
11328
10176
11313
11308
11304
11300
11299
11294
11289
10172
11288
11278
11279
11274
11273
11268
11269
11275
11280
11290
11295
11296
11291
11281
10171
11270
11265
11261
11256
11260
11264
11263
11259
11254
11255
11250
11239
11234
11238
11249
11248
11233
11226
11227
11220
11213
11203
10165
11202
11212
11219
11211
11192
11183
11173
11162
11163
11155
11154
11146
11147
11139
10158
11129
11121
11122
11112
11105
11095
11096
11087
11088
11098
11097
10155
11106
11113
11123
11130
11140
11148
11156
11164
11175
11174
11184
11193
11194
10163
11165
11157
11149
11141
11131
11124
11114
11107
11108
11115
11125
11132
11142
11150
11158
11166
10162
11176
11185
10164
11195
11540
11539
11538
11537
11536
11535
11534
11533
11532
11531
11530
11529
11528
11084
11083
10153
10151
11080
11527
11526
11525
11524
11523
11522
10149
11063
11521
11520
11060
11057
11519
10148
10147
11050
11518
10146
10145
10144
11041
11517
10143
10142
10141
11032
11516
10140
10139
10138
11023
11515
10137
10136
10135
11014
11514
10134
10133
10132
11005
11002
10999
11513
11512
11511
11510
10996
10993
10990
11509
11508
10131
10985
11507
11506
10982
10979
11505
10130
10129
10972
11504
10128
10127
10126
10963
11503
10125
10124
10123
10954
11502
10122
10121
10120
10945
11501
10119
10118
10117
10936
11500
10116
10115
10114
10927
11499
11498
11497
10914
10113
10924
10923
10922
10921
10913
10909
10905
10906
10910
11496
11495
11494
10902
10901
10898
10112
10895
10894
10890
10886
10887
10891
11493
11492
11491
10111
10883
10880
10876
10110
10877
11490
10109
10873
10870
10867
10108
10107
11489
10864
10863
10860
10106
10105
10857
10854
10850
10847
10851
10104
11488
10103
10102
10844
10841
10101
11487
10838
10837
10834
10100
10099
10831
10828
10098
11486
10825
10824
10821
10097
10096
10818
10815
10811
10095
10812
11485
11484
10808
10804
10803
10807
10800
10801
10802
10792
10788
10789
10793
11483
11482
11481
10785
10784
10781
10777
10094
10778
11480
11479
11478
10770
10774
10773
10769
10766
10763
10093
10092
11477
10760
10759
10756
10091
10090
10753
10750
10746
10089
10747
11476
10088
10743
10740
10087
10737
10733
10086
10734
11475
10085
10730
10727
10084
10724
10720
10083
10721
11474
10082
10717
10714
10081
10711
10079
10702
10696
10695
10680
10681
10688
10697
10698
10703
10707
10080
10708
10704
11473
10699
10689
10684
11472
11471
11470
11469
11468
11467
11466
11465
10617
10624
10631
10074
10644
10651
10658
10665
10673
10683
10077
10682
10672
10664
10076
10663
10656
10657
10650
10643
10649
10642
10636
10629
10637
10630
10623
10616
10622
10615
10609
10601
10591
10582
10592
10593
10603
10602
10610
10604
10073
11464
11463
10584
10594
10583
10072
10573
10574
10575
10568
11462
10561
10554
10553
10069
10560
10567
10566
10071
10572
10565
10558
10559
10551
10067
10542
10533
10534
10525
10518
10519
10508
10507
10497
10498
10488
10480
10470
10058
10460
10452
10444
10435
10445
10446
10453
10461
10471
10481
10060
10482
10489
10500
10499
10509
10510
10061
10520
10526
10535
10543
10552
10544
10545
10546
10537
10536
10527
10528
11461
10062
10511
10490
10483
10473
10472
10462
10454
10447
10437
10428
10436
10055
10427
10419
10411
10053
10410
10399
10389
10379
10051
10363
10356
10350
10343
10336
10329
10322
10314
10305
10296
10297
10288
10282
10272
10262
10253
10263
10273
10283
10289
10298
10307
10306
10315
10316
10317
10308
10299
10290
10284
10039
10274
10038
10264
10037
10254
10249
10245
10248
10244
10239
10234
10229
10224
10218
10219
10210
10203
10204
10207
10220
10225
10230
10235
10240
10241
10236
10231
10226
10221
10211
10208
10205
10196
10195
17408
17409
17308
17410
17411
17412
17413
17414
17415
17416
17417
17418
17419
7900
8072
8082
8092
8102
8110
8116
8122
8128
8135
8136
8146
8145
8154
8160
8166
8171
8178
8177
8186
8185
8191
8192
8198
8205
8206
8214
8221
8220
8229
8234
8238
8243
8249
8248
8256
8257
7917
8266
8267
8276
8275
8285
8284
8273
8274
8265
8261
8260
8264
11454
10382
10375
11453
8255
7731
8246
8247
8242
8241
7730
8237
7915
8233
8232
7729
8227
7728
8218
8228
8219
8213
7913
8204
8203
8197
7727
7726
