9853
10197
10193
10194
10198
10199
10200
10201
10202
10029
17407
17406
17405
17404
17403
17402
17401
17400
17399
17398
17397
17396
17306
17305
17304
17395
11906
11916
11921
11926
11932
11942
11952
11957
11962
11968
11967
11972
11762
11982
11988
11999
12009
12014
11765
12023
11766
12032
12033
12024
12015
12010
12000
11989
11983
11973
11974
11969
11964
11963
11958
11953
11943
11933
11927
11922
11923
11917
11752
11907
13160
13161
13162
13163
11928
11934
11944
11954
11959
13164
13165
13166
13167
13168
11984
11990
13169
13170
13171
13172
13173
13174
13175
13176
13177
12057
13178
13179
13180
13181
13182
12090
12086
12081
12077
12072
12067
12056
12052
12042
11767
12041
12051
12055
12066
12071
12076
12080
12085
11771
12089
12094
12097
12106
12107
12116
12115
12126
12127
12131
12134
12142
12143
12146
12149
12152
12156
12155
12166
12176
11779
11780
12194
12195
12199
12198
12202
12212
12217
12228
12233
12240
12250
12259
12269
11786
12277
12285
12294
12303
12312
11787
12304
12305
12313
12322
12331
12330
12321
12320
12329
12338
12348
12357
12364
12370
12375
11794
11796
12380
12386
12387
11797
12393
11798
11799
12412
11801
11802
11803
12429
11804
11805
11806
12446
11807
11808
11809
12463
11810
11811
12476
12481
12482
12487
12486
11812
12491
12496
12495
12500
12505
12516
12515
11813
12525
12535
12536
11814
11815
11816
12548
11817
11818
11819
12560
11820
11821
11822
12572
11823
11824
11825
12584
11826
11827
11828
12596
11829
11830
12605
12608
12611
11831
12617
12620
12623
12626
12636
12635
12640
11832
11833
11834
12652
11835
11836
11837
12664
11838
11839
11840
12676
11841
11842
11843
12688
11844
11845
11846
12700
11847
11848
12709
12712
12715
11849
12721
12724
12727
12730
12733
12736
11850
11851
11852
12748
11853
11854
11855
12760
11856
11857
11858
12769
13247
12766
12763
13246
12757
12754
12751
13245
12745
12742
12739
13244
13243
13242
13241
13240
13239
12718
13238
13237
13236
12706
12703
13235
12697
12694
12691
13234
12685
12682
12679
13233
12673
12670
12667
13232
12661
12658
12655
13231
12649
12646
12643
13230
12637
13229
13228
13227
13226
12614
13225
13224
13223
12602
12599
13222
12593
12590
12587
13221
12581
12578
12575
13220
12569
12566
12563
13219
12557
12554
12551
13218
12545
12542
12539
13217
13216
12526
12517
12506
12501
13215
13214
13213
13212
13211
13210
12477
12472
12468
12464
13209
12459
12455
12451
12447
13208
12442
12438
12434
12430
13207
12425
12421
12417
12413
13206
12408
12403
12394
12388
13205
12381
12376
12371
11792
12365
11791
12359
12358
12349
12339
11789
12340
13204
13203
13202
13201
13200
13199
12287
12296
12295
12286
12278
12270
12260
13198
12252
12251
12241
12242
12235
12234
12229
11782
13197
13196
12219
12218
12213
12203
13195
13194
13193
13192
12186
12185
12177
12167
13191
13190
12157
13189
13188
13187
12144
13186
13185
12128
12117
12108
13184
13183
10393
10404
10415
10423
10429
10438
10448
10456
10464
10474
10484
10491
10501
10512
10521
10529
10538
10547
10555
9860
10562
10569
10576
10585
10595
9861
10605
9862
10611
9863
10618
9864
10625
9865
10632
9866
10638
9867
10645
9868
10652
10659
10660
10653
10646
10639
10633
10626
10619
10612
10606
10596
10586
10577
10578
10587
10597
10607
10613
10620
10627
10634
10640
10647
10654
10661
10662
10669
10670
10678
10677
10676
10668
10667
10666
10674
9869
10685
9870
10690
9871
10700
9872
10705
9873
10709
9874
10712
9875
10715
9876
10718
9877
10722
9878
10725
9879
10728
9880
10731
9881
10735
9882
10738
9883
10741
9884
10744
9885
10748
9886
10751
9887
10754
9888
10757
9889
10761
9890
10764
9891
10767
9892
10771
9893
10775
9894
10779
9895
10782
9896
10786
9897
10790
10794
9898
10805
9899
10809
9900
10813
9901
10816
9902
10819
9903
10822
9904
10826
9905
10829
9906
10832
9907
10835
9908
10839
9909
10842
9910
10845
9911
10848
9912
10852
9913
10855
9914
10858
9915
10861
9916
10865
9917
10868
9918
10871
9919
10874
9920
10878
9921
10881
9922
10884
9923
10888
9924
10892
9925
10896
9926
10899
9927
10903
9928
10907
9929
10911
10915
9930
10925
9931
10928
9932
10930
9933
10932
9934
10934
9935
10937
9936
10939
9937
10941
9938
10943
9939
10946
9940
10948
9941
10950
9942
10952
9943
10955
9944
10957
9945
10959
9946
10961
9947
10964
9948
10966
9949
10968
9950
10970
9951
10973
9952
10975
9953
10977
9954
10980
9955
10983
9956
10986
9957
10988
9958
10991
9959
10994
9960
10997
9961
11000
9962
11003
9963
11006
9964
11008
9965
11010
9966
11012
9967
11015
9968
11017
9969
11019
9970
11021
9971
11024
9972
11026
9973
11028
9974
11030
9975
11033
9976
11035
9977
11037
9978
11039
9979
11042
9980
11044
9981
11046
9982
11048
9983
11051
9984
11053
9985
11055
9986
11058
9987
11061
9988
11064
9989
11066
9990
11068
9991
11070
9992
11072
9993
11074
9994
11076
11078
11081
11082
11086
11085
11089
11090
11100
11111
11101
11102
11103
10156
11119
10157
11118
11128
11127
11117
11110
11099
11109
11116
11126
11133
11143
11151
11159
11167
11177
11186
11196
11206
11216
13272
13273
13000
13005
13274
13275
13276
11242
9995
11252
9996
11257
9997
11266
9998
11271
9999
11276
11282
10000
11292
10001
11297
11298
11303
10002
11302
11307
11311
11316
11320
10003
13288
13287
13082
13079
13069
13286
13285
13284
13283
13057
13053
13282
13281
13043
13038
13034
13280
13279
13030
13027
13278
13277
13023
13019
11880
13009
13008
13004
12999
12989
12990
12980
13271
13270
12970
12979
12969
12960
12949
12950
12939
12938
12928
12917
12918
13269
13268
13267
12912
12911
12905
12906
13266
13265
12896
12895
12890
12891
13264
12886
12876
13263
13262
12866
11868
12856
12846
13261
13260
13259
13258
13257
13256
13255
13254
13253
13252
13251
13250
12802
12799
13249
12793
12790
12787
13248
12781
12778
12775
12772
11859
11860
11861
12784
11862
11863
11864
12796
11865
11866
12805
12808
12811
11867
12814
12836
12835
12845
12855
12865
11869
12875
12885
12884
12889
12894
11872
12904
12910
12916
12927
12937
12948
12959
11875
12968
12978
11876
12988
11877
12998
13003
13007
13018
13022
13026
13029
13033
11882
13037
13041
13042
11883
13052
13056
13060
13061
13065
13064
13068
13078
13077
13081
13091
13092
11885
13094
13096
11886
11887
13098
13100
13101
13289
11888
13103
13105
11889
11890
13107
13109
13112
13114
13116
13118
13121
13123
13125
13127
13130
13132
13134
13136
13146
13147
13149
13151
13153
13155
13157
13159
17600
17601
17602
17603
17604
17605
17606
17607
17796
17608
17609
17610
17798
17611
11428
11425
11422
11419
11416
11413
11407
11406
11405
11404
11403
11399
11396
11393
11390
11386
11383
11380
11377
11373
11370
11367
10012
11366
10013
11369
10014
11372
10015
11376
10016
11379
10017
11382
10018
11385
10019
11389
10020
11392
10021
11395
10022
11398
11402
10023
11412
10024
11415
10025
11418
10026
11421
10027
11424
10028
11427
13297
13296
13295
13294
11901
11900
13137
13293
11899
11898
11897
13128
13292
11896
11895
11894
13119
13291
11893
11892
11891
13110
13290
10010
11359
10011
11363
11364
11360
11357
11356
10009
11353
10008
11354
11351
11348
11350
10007
11347
10006
11344
10005
11335
11345
11334
10004
11330
11331
11332
10178
11336
11337
11338
11325
11324
11323
11322
11321
11317
11312
10175
10174
10173
11287
11286
11285
11284
11283
11293
11277
11272
11267
11262
10170
11258
11253
11243
11244
11245
11246
11247
10168
11210
11209
11199
11189
11180
11169
11179
11188
11198
11208
10166
11218
10167
11225
11232
11231
10169
11237
11230
11223
11224
11217
11207
11197
11187
11178
11168
11160
11153
11152
11144
11134
11145
11135
11136
11137
10159
10160
10161
11161
11170
11171
11181
11190
11200
11201
11191
11182
11172
11138
11120
11104
11094
11093
11092
11091
10154
10152
10150
11079
11077
11075
11073
11071
11069
11067
11065
11062
11059
11056
11054
11052
11049
11047
11045
11043
11040
11038
11036
11034
11031
11029
11027
11025
11022
11020
11018
11016
11013
11011
11009
11007
11004
11001
10998
10995
10992
10989
10987
10984
10981
10978
10976
10974
10971
10969
10967
10965
10962
10960
10958
10956
10953
10951
10949
10947
10944
10942
10940
10938
10935
10933
10931
10929
10926
10920
10919
10918
10917
10916
10912
10908
10904
10900
10897
10893
10889
10885
10882
10879
10875
10872
10869
10866
10862
10859
10856
10853
10849
10846
10843
10840
10836
10833
10830
10827
10823
10820
10817
10814
10810
10806
10799
10798
10797
10796
10795
10791
10787
10783
10780
10776
10772
10768
10765
10762
10758
10755
10752
10749
10745
10742
10739
10736
10732
10729
10726
10723
10719
10716
10713
10710
10706
10701
10691
10686
10675
10687
10078
10692
10693
10694
10679
10671
10075
10655
10648
10641
10635
10628
10621
10614
10608
10598
10588
10579
10589
10599
10600
10590
10581
10580
10571
10564
10557
10550
10066
10065
10541
10532
10064
10524
10063
10516
10517
10506
10496
10495
10505
10515
10504
10494
10487
10059
10478
10479
10469
10468
10477
10467
10466
10476
10486
10493
10503
10514
10523
10531
10540
10549
10068
10070
10570
10563
10556
10548
10539
10530
10522
10513
10502
10492
10485
10475
10465
10457
10449
10439
10430
10416
10405
10394
10384
10383
10376
9859
10367
10360
9858
10368
10369
10377
10385
10395
10406
10417
10054
10424
10431
10440
10441
10056
10450
10057
10458
10459
10451
10442
10443
10434
10433
10432
10425
10426
10418
10407
10396
10386
10378
10387
10397
10408
10052
10409
10398
10388
10372
10371
10370
10362
10361
10354
10355
10349
10342
10335
10328
10321
10047
10320
10327
10049
10334
10341
10348
10050
10347
9857
10340
9856
10333
10326
10048
10319
10310
10301
10292
10286
10040
10287
10041
10293
10043
10302
10045
10311
10046
10044
10042
10294
10303
10312
10313
10304
10295
10281
10271
10261
10260
10270
10280
10279
10269
10259
10268
10278
10277
10276
10266
10267
10256
10251
10257
10258
10252
10036
10247
10035
10242
10243
10034
10238
10217
10216
10215
10223
10228
10032
10233
10237
10033
10232
10227
9855
10222
9854
10212
10213
10214
10209
10206
10031
