17363
17564
17563
17562
17561
17560
17559
17558
17557
17556
17555
17554
17553
17552
18102
18357
18103
18358
18280
18362
18281
18366
18282
18371
18377
18376
18370
18104
18375
18105
18381
18382
18383
18389
18390
18391
18392
18407
18408
18409
18393
18394
18395
18410
18411
18427
18439
18451
18463
18462
18450
18438
18426
18425
18437
18449
18461
18460
18459
18458
18470
18481
18493
18492
18504
18505
18506
18494
18482
18471
18472
18483
18473
18484
18496
18495
18507
18508
18509
18497
18485
18474
18486
18498
18510
18515
18521
18533
18532
18531
18530
18529
18528
18520
18514
18503
18491
18490
18478
18467
18455
18456
18468
18479
18480
18469
18457
18445
18446
18447
18448
18436
18424
18423
18435
18434
18422
18421
18433
18432
18444
18443
18431
18419
18420
18415
18406
18405
18399
18398
18285
18388
18387
18403
18404
18287
18414
18418
18430
18442
18454
18466
18477
18489
18501
18502
18296
18513
18297
18519
18527
18539
18544
18538
18526
18525
18106
18537
18107
18542
18543
18300
18547
18548
18553
18552
18108
18551
18109
18556
18110
18561
18562
18557
18558
18563
18301
18567
18571
18566
18111
18570
18112
18574
18113
18578
18575
18579
18584
18596
18608
18620
18621
18609
18597
18585
18586
18598
18610
18622
18623
18611
18612
18600
18599
18587
18588
18589
18601
18613
18624
18625
18626
18643
18642
18641
18640
18639
18638
18304
18650
18649
18303
18637
18631
18619
18607
18595
18583
18582
18594
18606
18618
18114
18630
18115
18636
18116
18648
18655
18661
18673
18674
18662
18656
18663
18664
18306
18307
18686
18698
18699
18687
18700
18701
18702
18703
18704
18710
18716
18310
18728
18727
18726
18725
18724
18723
18722
18749
18750
18762
18761
18776
18777
18778
18779
18780
18781
18764
18763
18751
18752
18753
18765
18766
18771
18314
18782
18789
18796
18788
18795
18801
18802
18809
18808
18821
18827
18820
18819
18818
18817
18816
18815
18826
18832
18833
18844
18851
18858
18865
18866
18867
18868
18869
18834
18835
18836
18837
18838
18839
18845
18846
18853
18852
18859
18860
18872
18871
18870
18878
18884
18896
18903
18910
18909
18902
18895
18894
18893
18892
18891
18890
18889
18901
18908
18915
18922
18929
18936
18937
18949
18950
18938
18939
18321
18320
18940
18941
18942
18930
18923
18916
18917
18924
18931
18943
18955
18962
18969
18976
18975
18968
18961
18954
18953
18952
18951
18324
18325
18326
18327
18991
18992
18993
18994
18982
18983
18328
18995
19001
19007
19013
19025
19024
19023
19022
19021
19020
18990
18989
18988
19000
19006
19005
18999
18987
18980
18981
18974
18973
18966
18967
18960
18959
18947
18948
18935
18928
18921
18914
18907
18900
18888
18882
18883
18877
18876
18864
18857
18850
18843
18831
18825
18814
18807
18800
18794
18787
18775
18770
18760
18748
18747
18759
18746
18739
18740
18733
18721
18715
18708
18709
18697
18685
18679
18678
18683
18684
18696
18695
18117
18707
18118
18713
18714
18720
18732
18719
18119
18731
18120
18738
18745
18757
18758
18312
18769
18774
18786
18773
18121
18785
18122
18792
18793
18315
18799
18123
18805
18806
18813
18812
18124
18824
18830
18125
18842
18126
18849
18127
18856
18863
18128
18875
18129
18881
18887
18130
18899
18131
18906
18132
18913
18920
18927
18934
18946
18958
18965
18972
18979
18986
18133
18998
18134
19004
18135
19010
19016
18136
19028
18137
19033
18138
19038
18139
19043
18140
19048
18141
19053
18142
19058
18143
19063
18144
19068
18145
19073
18146
19078
18147
19083
19088
19100
19112
18148
19124
19128
19131
19125
19113
19101
19089
19084
19079
19074
19069
19064
19059
19054
19049
19044
19039
19034
19029
19017
19011
19012
19018
19019
19030
19035
19040
19045
19050
19055
19060
19065
19070
19075
19080
19085
19090
19102
19103
19091
19092
19093
19094
19095
19096
19097
19098
19110
19122
19121
19109
19108
19120
19119
19118
19107
19106
19105
19104
19117
19116
19115
19114
19126
18330
19129
18331
19132
18332
19135
19139
19138
19134
19137
18149
19148
18150
19150
18151
19152
18152
19154
18153
19156
18154
19158
18155
19160
18156
19162
18157
19164
18158
19166
18159
19168
18160
19170
18161
19172
18162
19174
18163
19176
18164
19178
18165
19180
18166
19182
18167
19184
18168
19186
18169
19188
18170
19190
18171
19192
18172
19194
18173
19196
18174
19198
18175
19200
18176
19202
18177
19204
18178
19206
18179
19208
18180
19210
18181
19212
18182
19214
18183
19216
18184
19218
18185
19220
18186
19222
18187
19224
18188
19226
18189
19228
18190
19230
18191
19232
18192
19234
18193
19236
18194
19238
18195
19240
18196
19242
18197
19244
18198
19246
18199
19248
18200
19250
18201
19252
18202
19254
18203
19256
18204
19258
18205
19260
18206
19262
18207
19264
18208
19266
18209
19268
18210
19270
18211
19272
18212
19274
18213
19276
18214
19278
18215
19280
18216
19282
18217
19284
18218
19286
18219
19289
18220
19292
18221
19295
18222
19298
18223
19301
18224
19304
18225
19307
18226
19310
18227
19313
18228
19316
18229
19319
18230
19322
18231
19325
18232
19328
18233
19340
18234
19344
19345
19346
19350
19354
19358
19362
19366
19370
19374
19373
19369
19365
19361
19357
19353
19349
18235
19348
18236
19352
18237
19356
18238
19360
18239
19364
18240
19368
18241
19372
18242
19376
19377
19378
19382
19381
18243
19380
18244
19384
18245
19388
19389
19385
19386
19390
19394
19398
19402
19407
19406
19401
19397
19393
18246
19392
18247
19396
18248
19400
18249
19405
18250
19410
18251
19415
18252
19420
18253
19425
18254
19430
18255
19435
19436
19431
19426
19421
19416
19411
19412
19417
19422
19427
19432
19437
19441
18256
19440
18257
19445
19446
19451
18258
19450
18259
19455
19456
19461
18260
19460
18261
19465
19466
19471
18262
19470
18263
19475
18264
19476
19482
19481
18265
19487
18266
19493
18267
19499
18268
19505
19511
19523
19536
19535
18269
19547
19548
19556
19557
19558
19549
19537
19538
19539
19540
19528
19529
19530
19519
19518
19517
19516
19527
19515
19514
19526
19525
19513
19524
19512
19506
19507
19500
19494
19488
19501
19495
19489
19483
19477
19472
19467
19462
19457
19452
19447
19442
18337
19478
19484
19490
19496
19502
19508
18338
19520
19532
19531
19544
19543
19542
19541
19559
19571
19584
19572
19560
19561
19573
19585
19586
19593
19606
19613
19612
19605
19604
19603
19602
18345
18344
19600
19601
19583
19582
19570
19569
19581
19568
19555
19554
19566
19567
19579
19580
19592
19578
18270
19590
19591
19598
19599
19611
19618
19610
19597
19609
19616
19617
19623
18271
19635
18272
19641
18273
19647
18274
19653
19654
19659
19664
19669
18275
19674
19675
19681
19693
19680
19692
19704
19705
19717
19716
19722
19734
19746
18276
19758
18277
19764
18278
19770
19771
19777
18279
19776
17775
17776
17777
17834
17778
17779
17780
17781
17782
17783
17784
19778
19779
19780
19774
19768
19762
19757
19745
19733
19720
19719
19718
19732
19744
19743
19731
19730
19742
19755
19756
19761
19767
19773
19772
19766
19760
19754
19741
19753
19752
19740
19729
19728
19727
19739
19751
19750
19749
19737
19738
19726
19725
19736
19748
19765
19759
19747
19735
19723
19724
19706
18353
19707
19708
19709
19710
19711
19712
19700
19688
19687
19699
19698
19686
19697
19696
19685
19684
19695
19694
19683
19682
19676
19670
18349
19665
18348
19660
18347
19655
19649
19648
19642
19636
19643
19637
19624
19625
19626
19627
19628
19629
19630
19631
19619
19620
18346
19632
19638
19644
19650
19656
19661
19666
19671
19677
18350
19689
18351
19701
18352
19713
19714
19702
19690
19678
19672
19667
19662
19657
19651
19645
19639
19633
19621
19614
19607
19595
19594
19588
19587
19575
19574
19562
19550
18341
19563
19576
18342
19564
19552
19551
19545
19533
18339
19521
19509
19503
19497
19491
19485
19479
19473
19468
19463
19458
19453
19448
19443
19438
19433
19428
19423
19418
19413
19408
19403
18336
19338
19337
19336
19335
19334
19333
19332
19331
19330
19342
19341
18335
19329
19326
19323
19320
19317
19314
19311
19308
19305
19302
19299
19296
19293
19290
19287
19285
19283
19281
19279
19277
19275
19273
19271
19269
19267
19265
19263
19261
19259
19257
19255
19253
19251
19249
19247
19245
19243
19241
19239
19237
19235
19233
19231
19229
19227
19225
19223
19221
19219
19217
19215
19213
19211
19209
19207
19205
19203
19201
19199
19197
19195
19193
19191
19189
19187
19185
19183
19181
19179
19177
19175
19173
19171
19169
19167
19165
19163
19161
19159
19157
19155
19153
19151
19149
19140
19141
19142
19143
19144
19145
19146
19147
19136
19133
19130
19127
19123
19111
19099
19086
19081
19076
19071
19066
19061
19056
19051
19046
19041
19036
19031
19026
18329
19014
19008
19002
18996
18984
18977
18970
18963
18956
18323
18944
18322
18932
18925
18918
18911
18904
18897
18319
18885
18879
18873
18318
18861
18854
18847
18840
18317
18828
18822
18316
18810
18803
18797
18790
18783
18772
18768
18755
18743
18767
18754
18311
18742
18741
18734
18735
18736
18729
18717
18711
18705
18692
18691
18690
18689
18688
18665
18666
18667
18668
18669
18657
18651
18644
18645
18652
18658
18305
18670
18675
18680
18693
18681
18676
18671
18659
18653
18646
18634
18633
18632
18615
18614
18602
18590
18591
18603
18592
18604
18616
18302
18627
18628
18617
18605
18593
18581
18580
18576
18577
18573
18572
18568
18569
18565
18564
18559
18560
18555
18554
18549
18550
18546
18545
18540
18541
18535
18523
18517
18534
18298
18522
18516
18511
18499
18487
18475
18292
18464
18452
18440
18428
18416
18412
18286
18401
18400
18396
18283
18284
18385
18384
18378
18379
18373
18368
18372
18367
18363
18364
18360
18359
18354
18355
