17339
17499
28121
28124
28128
28132
28142
28146
28152
28158
28165
28172
28179
28185
28190
28195
28200
28206
28212
28218
28225
28234
28242
28250
28258
28266
28273
28281
27952
28282
28289
28297
28307
28316
28317
28327
27956
28343
28353
28334
28328
27955
28318
28308
27953
28298
28290
28283
28284
28291
28299
29851
29852
28309
28319
29853
28329
28335
27957
28344
27958
28354
27959
28363
27960
28373
28374
28364
28355
28345
29854
29855
29856
29857
29858
29859
28383
28382
28381
28372
28380
27962
28390
28400
27964
28411
28421
28429
28450
28460
28467
27972
28466
28475
28483
28493
28503
28513
28524
28531
28532
28539
28538
28545
28546
28554
28553
28561
28562
28563
28571
27978
29869
29870
29871
29872
29873
29874
29875
29876
28655
27983
28654
28650
28640
28630
28623
28615
28606
28595
28587
28579
28578
28570
28569
28577
28576
28584
28585
28586
28594
28605
28593
28592
28604
28603
28612
28613
28614
28622
28629
28639
27982
28649
28638
28628
28621
28620
28627
27981
28637
28648
28653
28658
28659
28663
27984
27985
29877
28667
28662
28666
28670
28675
28671
28672
27986
27987
28676
28680
28679
28683
28687
28692
28688
28684
27988
29878
28689
27989
27990
28693
28697
27991
29879
28701
28696
28700
28704
28709
28705
28706
27992
27993
28710
28714
27994
29880
27995
28723
28718
28713
28717
28721
28722
28727
27996
29881
29882
29883
28736
28731
28726
28730
28734
28735
28740
28741
28746
27997
28745
28739
28744
28749
28753
28750
29884
29885
29886
29887
29888
29889
28780
28775
28770
28765
28760
28755
28754
28759
28764
28758
28763
28768
28769
28774
28779
28773
28778
28783
28784
27998
27999
28788
28000
29890
28792
28787
28791
28795
28800
28796
28797
28001
28002
28801
28805
28003
29891
28809
28804
28808
28812
28817
28813
28814
28004
28005
28818
28822
28006
29892
28826
28821
28825
28829
28834
28830
28831
28007
28008
28835
28839
28009
29893
28848
28010
28847
28843
28838
28842
28846
28851
28855
28856
28852
28011
28012
29894
28865
28013
28014
28869
28864
28860
28859
28863
28868
28872
28876
28873
29895
29896
28878
28877
28882
28883
29897
28888
28015
28892
28887
28881
28886
28891
28895
28900
28905
28910
28915
28920
28925
28929
28933
28937
28938
28942
28946
28950
28954
28955
28959
28963
28967
28971
28976
28980
28981
28977
28026
28027
29907
28990
28028
28029
28994
28989
28985
28984
28988
28993
28997
29001
28998
28030
29908
29007
28031
28032
29011
29006
29002
29005
29010
29014
29018
29015
29909
29910
29020
29019
29024
29025
29911
29030
28033
29029
29023
29028
29033
29034
29912
29913
29914
29915
29916
29917
29918
29919
29920
29079
29074
29069
29064
29059
29054
29049
29044
29039
29038
29043
29037
29042
29047
29048
29053
29058
29052
29057
29062
29063
29068
29073
29067
29072
29077
29078
28034
29083
28035
28036
29082
29086
29089
29092
29095
29099
29102
29105
29108
29116
29128
29127
29115
29126
29133
29141
29142
28044
29150
29161
29160
29169
29170
29179
29178
29189
29199
29209
29220
29231
29242
29252
29253
29243
29232
29221
29210
29200
29190
28047
29180
29171
29162
29151
29143
29134
29923
29924
29135
29144
29152
28045
29925
29181
29191
29201
29926
29927
29928
29223
29212
29211
29222
29233
28048
29234
29244
29254
29929
29930
29931
29264
29274
29283
29294
29282
29263
29262
29272
29273
29280
29291
29281
29292
29293
29304
29305
29314
29932
29933
29934
29338
29331
28052
29321
29303
29302
28051
29312
29313
29320
29319
29329
28054
29330
29336
28055
29337
29345
29346
29353
29362
29935
29936
29370
29369
29361
29352
29351
28057
28058
29360
29367
29368
29376
29377
29378
29937
29938
29939
29385
29392
29391
29384
29383
29375
29382
29389
29396
29390
29397
28065
29403
29409
29417
28069
29426
29434
29444
29454
29464
29471
29480
29489
29490
29498
29506
29515
29516
29525
29524
29534
29535
29544
29543
29553
29554
29565
29564
29574
29575
29584
29583
29594
29595
28082
29585
29586
28083
28085
29953
29954
29619
29612
29602
29611
29601
29610
29618
29625
28088
29626
29627
28090
29635
29645
29654
29663
29673
29683
29682
28091
29672
29662
29653
29644
29634
29633
29643
29652
29661
29671
29681
29691
29700
29710
29719
29729
29739
28095
29720
29711
29701
28092
29692
29702
29712
29721
29730
28096
29740
29750
29749
29758
29759
28099
29751
28097
29741
29964
29760
28101
29768
29775
29767
29774
29782
28106
28110
29797
28107
29788
29783
29784
29776
29777
28104
29789
28108
29790
29798
29801
28112
29800
29803
29812
29821
29822
29823
28113
29804
29813
29965
29966
29967
29968
17712
17713
17714
17715
17716
17717
17718
17719
17720
17721
17821
17722
17723
17724
17725
27631
25509
27628
25508
27625
25507
27622
27618
25506
27619
25689
27615
27614
25505
27610
25504
27606
25503
27602
25502
27594
27611
27607
27603
27595
27596
27597
27598
27589
27573
27572
27571
27564
27555
27556
25684
27557
27548
27541
25682
27534
25681
27527
25680
27520
25679
27513
27512
27519
27526
27533
27518
27525
27532
27539
27540
27547
27554
27563
27570
27580
27588
27587
27586
27585
27579
25501
27569
27562
27553
27546
25500
29963
29731
29722
29713
29703
29962
29961
29693
29960
29959
29958
29957
29956
29955
27478
25499
27471
27470
25498
27461
27452
27443
25497
27434
25496
27424
25495
27415
27406
27396
27386
27387
27397
27407
27416
27425
27435
27444
27445
27454
27453
27462
25671
27463
27472
27480
25675
27488
25676
27496
27487
27479
27486
27494
27502
27510
27511
27503
27495
27504
27505
27497
27489
27481
27473
27464
27455
27446
27437
27436
27426
25666
27418
27427
27419
27410
27409
27417
27408
27398
27388
27389
27399
27400
27390
27373
27372
27381
27380
27379
25494
29952
29951
29950
29949
29948
29501
29509
29518
29527
29537
29546
29556
29567
28080
29576
29566
29555
29545
29536
29526
29517
29508
29507
29499
29500
29491
29481
29482
29473
29472
29465
28071
29456
29455
28070
29446
29445
29436
29428
29435
29427
29418
29410
29404
29398
29399
29940
29405
28067
29411
29419
29941
29942
29943
29944
29945
29946
29466
29474
29483
29492
29947
25493
27363
27369
27370
27371
27365
27364
27359
27358
25659
27353
27352
25492
27346
25491
27340
25490
27341
27347
27354
27348
27342
27335
25658
27330
27329
27319
27309
27301
27292
27287
25489
27282
27293
27294
25653
27302
27310
27320
27311
27321
27331
27336
27322
25657
27323
27313
27312
27303
27296
27295
27288
27283
27289
27284
27278
27272
27264
27256
27247
27237
27227
27217
27218
27228
27238
27248
27257
27265
27266
27258
27249
27239
27229
27219
27210
27201
27191
27192
27183
27182
27172
27173
27164
27155
27145
27144
27154
27163
25634
27171
25635
27181
25637
27190
27200
27209
27199
27208
27216
27226
27236
27246
27255
27263
25648
27271
27277
25488
27276
25487
27270
27262
27254
27245
27235
27225
27215
27207
25486
27198
27189
27180
27170
27160
27151
27141
27132
25485
27123
25484
27114
25483
27105
25482
27096
25481
27087
25480
27078
25479
27068
27069
27059
25478
27050
27051
27043
25477
27036
25476
27026
25475
27018
25474
27010
27002
27003
27011
27019
25627
27020
27027
27028
27038
27037
27044
27045
27053
27052
27060
27061
27071
27070
27079
27080
27089
27088
27097
27098
27107
27106
27115
27124
27133
27142
27152
27161
27162
27153
27143
27134
27125
27116
27135
27126
27117
27108
27099
27090
27081
27072
27062
27054
27046
27039
27029
27022
27021
27013
27005
26997
26990
26989
26996
25623
27004
25625
27012
26995
25621
26988
26994
26987
25473
26979
25472
29922
29118
29117
29109
28040
28039
28038
29096
28037
29921
25471
26971
26980
26972
26964
26957
26963
25470
26956
25469
26948
25468
26940
25467
26932
25466
26926
26933
26941
26949
26934
26942
26950
26958
26965
26973
26981
26982
26974
26966
26959
26951
26943
26935
26928
26927
26920
25613
26912
25611
26904
25609
26897
26891
26885
26879
26873
26867
26860
26854
26848
26842
26835
26828
26822
26815
26808
26801
26795
26788
26781
26774
26767
26760
26768
26761
26754
26747
26741
26734
26727
26720
26714
26707
26700
26693
26687
26681
26675
26669
26663
26657
26650
26644
26638
26632
26625
26618
26612
26605
26598
26591
26585
26578
26571
26564
26558
26551
26544
26537
26531
26524
26517
26510
26504
26497
26490
26483
26477
26471
26465
26459
26453
26447
26440
26434
26428
26422
26415
26408
26402
26395
26388
26381
26375
26368
26361
26354
26348
26341
26334
26327
26321
26314
26307
26300
26292
26282
26272
26281
26291
26290
26299
26306
26313
26320
26326
26333
26340
26347
26353
26360
26367
26374
26380
26387
26394
26401
26407
26414
26421
26427
26433
26439
26446
26452
26458
26464
26470
26476
26482
26489
26496
26503
26509
26516
26523
26530
26536
26543
26550
26557
26563
26570
26577
26584
26590
26597
26604
26611
26617
26624
26631
26637
26643
26649
26656
26662
26668
26674
26680
26686
26692
26699
26706
26713
26719
26726
26733
26740
26746
26753
26752
25443
26759
25444
26766
26773
26780
26787
26794
26800
26807
26814
26821
26827
26834
26841
26847
26853
26859
26866
26872
26878
26884
26890
26896
26903
26911
26919
26918
26925
25465
26917
26909
26910
26902
26901
26895
25464
26889
25463
26883
25462
26877
25461
26871
25460
26865
25459
26858
25458
26852
25457
26846
25456
26840
25455
26833
25454
26826
25453
26820
25452
26813
25451
26806
25450
26799
25449
26793
25448
26786
25447
26779
25446
26772
25445
29906
28973
28025
28972
28968
28964
28024
28023
28960
28022
28956
29905
28021
28951
28947
28943
28020
28019
28939
28934
28930
28926
28921
28916
28912
28907
28902
29900
29899
29898
28897
28896
28901
28906
28911
29901
29902
29903
28917
28922
28016
28017
28018
29904
25442
26745
25441
26739
25440
26732
25439
26725
25438
26718
25437
26712
25436
26705
25435
26698
25434
26691
25433
26685
25432
26679
25431
26673
25430
26667
25429
26661
25428
26655
25427
26648
25426
26642
25425
26636
25424
26630
25423
26623
25422
26616
25421
26610
25420
26603
25419
26596
25418
26589
25417
26583
25416
26576
25415
26569
25414
26562
25413
26556
25412
26549
25411
26542
25410
26535
25409
26529
25408
26522
25407
26515
25406
26508
25405
26502
25404
26495
25403
26488
25402
26481
25401
26475
25400
26469
25399
26463
25398
26457
25397
26451
25396
26445
25395
26438
25394
26432
25393
26426
25392
26420
25391
26413
25390
26406
25389
26400
25388
26393
25387
26386
25386
26379
25385
26373
25384
26366
25383
26359
25382
26352
25381
26346
25380
26339
25379
26332
25378
26325
25377
26319
25376
26312
25375
26305
25374
26298
25373
26288
26278
26268
26258
26250
25372
26242
26231
26222
25371
26213
25370
26204
25369
26196
25368
26187
25367
29868
28564
28556
28555
28547
28548
28540
28533
28525
28514
28504
28494
28505
28495
28484
28476
28485
28486
28477
28469
28468
28461
28451
28440
27966
28430
28422
28412
28402
28401
28391
28392
28393
28403
28413
29860
29861
28423
28432
28431
28441
28452
27967
27968
28442
29862
29863
29864
28496
28506
29865
28516
28515
28526
27976
27977
29866
29867
26178
25366
26169
25365
26161
25364
26153
25363
26143
26132
26121
26111
25362
26102
26091
26080
26071
25361
26062
26053
26043
26034
26024
26015
26007
26008
26016
26026
26025
26035
26044
26036
26037
26045
26046
26056
26055
26054
25545
26063
26064
26073
26072
26081
26092
26103
25549
26122
26133
26144
26154
26163
26171
26180
26189
26162
26170
26179
26188
26197
26198
26205
26214
26206
26215
26223
26232
25554
26243
26251
26259
26269
26279
26289
26280
26270
26271
26260
26261
26262
26252
26244
26235
26234
26233
26224
26225
26216
26207
26199
26190
26181
26172
26164
26156
26147
26155
26145
26134
26146
26135
26136
26125
26114
26105
25547
26095
26113
26124
26123
26112
26104
26094
26093
26082
26083
26084
26074
26065
26057
26047
26038
26027
26028
26017
25541
25539
26009
26001
25537
25993
25535
25984
25975
25967
25958
25959
25948
25947
25946
25957
25532
25533
25974
25534
25983
25992
26000
25991
25999
25998
25990
25982
25973
25966
25955
25956
25945
25360
25531
25935
25936
25937
25927
25926
25917
25908
25918
25938
25928
25530
25919
25909
25901
25900
25529
25899
25890
25891
25892
25884
25883
25882
25528
25358
25898
25907
25359
25916
25925
25934
29850
29849
28276
28269
28261
29848
29847
29846
28253
28245
28237
29845
29844
29843
28228
28221
28215
29842
29841
29840
28209
28203
28198
29839
29838
29837
28193
28188
28182
29836
29835
29834
28175
28168
29833
29832
28161
28155
28149
29831
29830
29829
28144
28148
28154
28160
28167
28174
28181
28187
28192
28197
28202
28208
28214
28220
28227
28236
28244
28252
28260
28268
28275
28274
28267
28259
28251
28243
28235
28226
28219
28213
28207
28201
28196
28191
28186
28180
28173
28166
28159
28153
28147
28143
28133
28129
28125
28134
28130
28126
28122
27935
27936
29826
29827
29828
25734
25743
25515
25744
25745
25753
25754
25763
25771
25778
25777
25517
25770
25762
25761
25516
25760
25776
25783
25784
25785
25796
25806
25815
25805
25795
25794
25793
25803
25804
25518
25813
25814
25519
25822
25821
25829
25837
25845
25526
25854
25863
25356
25872
25357
25881
25873
25874
25875
25866
25857
25865
25864
25527
25855
25856
25848
25840
25847
25846
25525
25838
25523
25830
25521
25831
25839
25832
25824
25823
25816
25807
25797
25787
25786
25779
25772
25764
25755
25747
25738
25729
25721
25512
25714
25728
25737
25746
25736
25735
25725
25718
25719
25726
25727
25720
25713
25706
25698
25691
25697
25696
25690
25695
25705
25704
25511
25703
25694
25355
17508
17342
17507
17506
17505
17504
17503
17502
17501
17500
17341
