11569
11918
11908
11751
11902
11909
11919
11755
11924
11930
11756
11757
11946
11758
11956
11947
11948
11949
11950
11951
11941
11940
11939
11938
11937
11936
11931
11925
11920
11910
11903
11904
11911
11753
11912
11913
11914
11754
11915
11905
17394
17393
17392
17301
17300
17299
17391
17390
17389
17298
17388
17387
17297
17386
13400
13535
15609
15610
13538
13541
15611
15612
13544
13549
13555
13561
13567
15613
15614
13573
13578
15615
15616
13583
13589
15617
15618
13595
13601
15619
15620
13607
13613
15621
15622
15623
13623
13633
13643
15624
15625
15626
13650
13657
13664
15627
15628
13671
13678
15629
15630
13684
13691
15631
15632
15633
15634
13708
13426
13718
13427
13733
13740
13431
13432
13434
13768
15635
15636
15637
13775
13782
13789
15638
15639
15640
13799
13809
13819
15641
13829
13838
13847
13856
13864
15642
13871
13448
13449
13451
15643
13905
15644
13932
13939
15645
15646
15647
15648
15649
13989
15650
15651
13456
14021
14030
14039
14048
14056
14064
15652
14071
14080
14090
14100
15653
14107
14117
14127
14137
15654
14144
14154
14164
14174
15655
14181
14191
14201
14208
14215
13466
14225
14231
14238
15659
15660
15661
14245
14252
14262
14269
14277
14287
14297
14307
15662
14316
14326
14336
14346
15663
14355
14365
14375
14385
15664
14394
14404
14414
14424
15665
14433
14443
14453
14463
15666
14472
14482
14492
14501
14510
13472
14520
14528
14537
14546
14555
14564
14574
14584
14593
14602
14611
15675
14621
14629
14637
14645
15676
14653
14660
14667
14674
15677
14682
14688
14694
14700
15678
14710
14715
14720
14725
15679
15680
14759
14764
15681
15682
13494
14783
14788
14793
14798
14803
14808
14843
14878
14913
14948
14983
15693
15692
15691
15690
15689
15688
15687
15686
15685
15684
15683
11676
12713
11677
12716
11678
12719
11679
12722
11680
12725
11681
12728
11682
12731
11683
12734
11684
12737
11685
12740
11686
12743
11687
12746
11688
12749
11689
12752
11690
12755
11691
12758
11692
12761
11693
12764
11694
12767
11695
12770
11696
12773
11697
12776
11698
12779
11699
12782
11700
12785
11701
12788
11702
12791
11703
12794
11704
12797
11705
12800
11706
12803
11707
12806
11708
15696
15695
15694
15008
15013
13495
15697
15698
15032
15037
15042
15047
15052
15057
13496
15067
13497
15077
13498
15086
13499
15096
15103
15113
15123
15133
15143
15153
13505
15163
13506
15173
13507
15182
15191
15200
13511
15210
15219
15229
15239
15248
15256
13518
15266
15274
15282
15289
15724
15725
15297
15305
15314
15322
15330
15338
15346
15353
15361
15731
15732
15733
15369
15377
15734
15414
15735
15451
15736
15488
15737
15525
15738
15562
13524
13525
15739
15740
15741
15742
17586
17587
17588
17589
17590
17591
17592
17793
17593
17594
17595
17596
17597
17598
17599
13158
11750
13156
11749
13154
11748
13152
11747
13150
11746
13148
11745
13138
13139
13140
13141
13142
13143
13144
13145
13135
11744
13133
11743
13131
11742
13129
11741
13126
11740
13124
11739
13122
11738
13120
11737
13117
11736
13115
11735
13113
11734
13111
11733
13108
11732
13106
11731
13104
11730
13102
11729
13099
11728
13097
11727
13095
11726
13093
11725
13083
13080
13084
13085
13086
11884
13071
13072
13073
13074
13087
13088
13089
13090
13076
13075
13051
13050
13049
13048
13047
13046
13045
13044
11721
13054
13055
13059
11722
13058
11723
13062
13063
13067
11724
13066
13070
15730
15729
15728
15727
15726
11720
13039
13040
13036
13035
11719
13031
11718
13032
13028
11881
13025
13021
13011
13012
13013
13014
13015
13016
13017
12997
12996
12995
12985
12975
12976
12986
12987
12977
12967
12958
12957
12956
12966
12965
12955
12944
12945
12946
12947
12936
12935
12934
12924
12925
12926
12915
12909
12903
12902
12901
11871
11870
12879
12880
12881
12882
12873
12883
12874
12864
12854
12844
12834
12833
12843
12832
12842
12841
12831
12830
12840
12850
12861
12851
12852
12853
12863
12862
12872
12871
12870
12860
12859
12849
12839
12829
12838
12828
12827
12837
12847
12857
12848
12858
12869
12868
12867
12877
12878
12888
12887
12892
12897
12907
12913
12919
12929
12940
12951
12961
12962
12963
12953
12942
12952
12941
12930
12931
12921
12920
12914
12908
12898
12893
12899
12900
11873
11874
12922
12923
12933
12932
12943
12954
12964
12974
12984
12994
11878
12993
12983
12973
12972
12971
12981
12982
12992
12991
13001
13002
11879
13006
13010
11716
13020
11717
13024
15723
15722
15721
15720
15719
15718
15717
15716
15715
15714
15713
15712
15711
15710
15709
15708
15707
15706
15705
15704
15703
15702
15701
15700
15699
11712
12819
11713
12821
11714
12823
11715
12825
12826
12824
12822
12820
12818
12817
11711
12815
11710
12816
12813
12812
11709
12809
12810
12807
12804
12801
12798
12795
12792
12789
12786
12783
12780
12777
12774
12771
12768
12765
12762
12759
12756
12753
12750
12747
12744
12741
12738
12735
12732
12729
12726
12723
12720
12717
12714
12711
12708
12710
11675
12707
11674
12704
11673
12705
12702
12699
12701
11672
12698
11671
12695
11670
12696
12693
12690
12692
11669
12689
11668
12686
11667
12687
12684
12681
12683
11666
12680
11665
12677
11664
12678
12675
12672
12674
11663
12671
11662
12668
11661
12669
12666
12663
12665
11660
12662
11659
12660
12659
11658
12656
11657
12657
12654
12651
12648
12645
12642
12639
12628
12629
12630
12631
12632
12633
12634
12625
12622
12619
12616
12613
11646
12612
11647
12615
11648
12618
11649
12621
11650
12624
12627
11651
12638
11652
12641
11653
12644
11654
12647
11655
12650
11656
12653
15674
15673
15672
15671
15670
15669
15668
15667
11643
12603
11644
12606
11645
12609
12610
12607
12604
12601
12600
11642
12597
11641
12598
12595
12594
11640
12591
11639
12592
12589
12588
11638
12585
11637
12586
12583
12582
11636
12579
11635
12580
12577
12574
12576
11634
12573
11633
12570
11632
12571
12568
12565
12567
11631
12564
11630
12561
11629
12562
12559
12558
11628
12555
11627
12556
12553
12552
11626
12549
11625
12550
12547
12546
11624
12543
11623
12544
12541
12538
12540
11622
12537
11621
12527
12518
12507
12508
12509
12510
12521
12520
12519
12528
12529
12530
12531
12532
12533
12534
12524
12523
12522
12511
12512
12513
12514
12504
12499
12494
12490
12485
12480
12475
12471
12467
12462
12458
12454
12450
12445
12441
12437
12433
12428
12424
12420
12416
12411
12407
12402
12392
12385
12379
12401
12400
12399
12398
11800
12406
12405
12410
12415
12419
12423
12427
12432
12436
12440
12444
12449
12453
12457
12461
12466
12465
11613
12469
12470
12474
11614
12473
11615
12478
12479
12484
12489
12493
12498
12503
12502
11620
12497
11619
12492
11618
12488
11617
12483
11616
15658
15657
15656
11612
12460
11611
12456
11610
12452
11609
12448
11608
12443
11607
12439
11606
12435
11605
12431
11604
12426
11603
12422
11602
12418
11601
12414
11600
12409
12404
11599
12395
12389
11598
12382
11597
12377
12383
12390
12396
12397
12391
12384
12378
11795
12373
11793
12368
12367
12372
12366
11596
12360
11595
12350
11594
12341
12332
11593
12323
11592
12314
11591
12306
11590
12297
11589
12288
11588
12279
11587
12271
11586
12261
12272
12280
12289
12290
12281
12273
12274
12282
12291
12300
12299
12298
12307
12315
12324
12333
12342
12351
12361
12362
12352
12343
12334
12325
12316
12308
12309
12317
12326
12335
12344
11790
12345
12353
12354
12346
12355
12374
12369
12363
12356
12347
11788
12337
12336
12327
12328
12319
12318
12310
12311
12302
12301
12292
12293
12284
12283
12275
12276
12268
12267
12266
12265
12264
12256
12245
12238
12246
12247
12248
12257
12258
12249
12239
11784
11783
12227
12226
12225
12224
12232
12223
12222
12216
12206
12205
12215
12221
12231
12237
11785
12244
12255
12263
12262
12254
12253
11585
12243
11584
12236
11583
12230
11582
12220
12214
12204
12200
11581
12196
11580
12187
12178
12168
12158
12153
12150
12154
12159
12169
12179
12188
12197
12201
12207
11781
12208
12209
12210
12211
12193
12184
12183
12192
12191
12182
12172
12173
12163
12164
12174
12175
12165
11778
12141
12140
12139
12138
12122
12123
12112
12113
12124
12125
12114
12105
12104
12103
12102
12101
12111
12110
12121
12120
12119
12130
12133
11774
12136
12137
11775
11776
11777
12162
12161
12171
12181
12190
12189
12180
12170
12160
12151
12148
12147
12145
11579
12135
11578
12132
11577
12129
11576
12118
12109
12098
12099
11773
12100
12096
11772
12093
11770
12084
12079
11769
12078
12083
12088
12092
12095
12091
11575
12087
12082
11574
12073
11573
12068
11572
12058
12059
12053
11768
12054
12060
12069
12074
12075
12070
12061
12062
12063
12064
12065
12050
12049
12040
12031
12022
12021
12030
12039
12048
12047
12038
12029
12020
12019
12028
12037
12046
12045
12036
12027
12018
12012
12003
12002
11764
12011
12017
12026
12035
12044
12043
12034
12025
12016
12001
11992
11991
11985
11975
11970
11976
11977
11763
11986
11993
11994
12004
12005
11995
11996
12006
11997
12007
12013
12008
11998
11987
11981
11980
11979
11978
11971
11761
11966
11961
11965
11760
11960
11759
11955
11945
11571
11935
11570
11929
