0
33800
33790
33780
33772
33762
33752
33742
33734
33724
33714
33704
33696
33703
33695
33686
33676
33666
33658
33648
33638
33628
33620
33612
33604
33596
33611
33602
33603
33595
33594
33586
33587
33588
33580
33579
33569
33570
33562
33561
33554
33546
33536
33526
33525
33535
33534
33524
33516
33506
33496
33486
33478
33469
33479
33487
33497
33507
33517
33518
33508
33498
33488
33480
33470
33460
33459
33449
33450
33442
33432
33422
33412
33404
33394
33384
33374
33366
33357
33349
33358
33350
33340
33332
33321
33313
33305
33297
33289
33279
33278
33277
33287
33288
33296
33304
33312
33320
33331
33339
33338
33330
33319
33311
33303
33295
33294
33302
33310
33318
33328
33327
33317
33309
33301
33293
33284
33275
33267
33259
33250
33240
33241
33251
33252
33242
33232
33233
33234
33244
33243
33253
33254
33262
33261
33260
33268
33285
33286
33276
33269
33270
33271
33263
33255
33245
33235
33228
33227
32629
33218
33209
33217
33207
33208
33200
33194
32625
32623
32621
33168
33158
33147
33138
33128
33119
32616
33109
32615
33099
32614
33089
32613
33079
32612
33070
32611
33060
32610
33050
33043
33034
33023
33014
33004
32995
32985
32976
32966
32956
32946
32936
32926
32915
32906
32916
32907
32898
32596
32888
32595
32878
32867
32857
32866
32856
32847
32855
32865
32875
32874
32884
32885
32895
32894
32893
32902
32598
32903
32911
32933
32923
32912
32922
32932
32921
32931
32940
32951
32962
32972
32963
32952
32941
32942
32953
32964
32974
32973
32982
32983
32993
32992
33003
32604
32994
32984
32975
32965
32954
32943
32944
32955
32602
32945
32935
32925
32934
32924
32913
32904
32597
32896
32886
32876
32877
32887
32897
32905
32914
32899
32889
32879
32869
32594
32868
32593
32858
32592
32848
32859
32849
32843
32837
32827
32820
32813
32806
32798
32788
32804
32811
32818
32825
32842
32836
32589
32826
32819
32812
32805
32797
32585
32787
32782
32783
32778
32777
17333
17332
17330
17331
17473
17472
17471
17470
17469
17468
17467
17466
17465
17464
32769
32770
32771
32582
32779
32421
32784
32789
32799
32422
32423
32800
32790
32791
32792
32586
32793
32794
32587
32809
32802
32795
32785
32780
32772
32773
32774
32775
32781
32581
32776
32583
32584
32786
32796
32803
32810
32817
32824
32835
32841
32834
32833
32823
32816
32840
32846
32832
32831
32822
32815
32808
32801
32807
32814
32588
32821
32830
32839
32845
32854
32864
32853
32863
32873
32883
32882
32892
32891
32881
32871
32872
32862
32852
32851
32861
32844
32591
32838
32590
32829
32828
32850
32860
32870
32880
32890
32424
32900
32425
32908
32426
32917
32918
32909
32901
32599
32910
32919
32920
32930
32929
32600
32927
32601
32937
32948
32947
32427
32957
32428
32967
32603
32977
32987
32429
32986
32996
32430
33005
32997
32988
32978
32968
32958
32959
32949
32938
32928
32939
32950
32960
32969
32970
32961
32971
32981
32991
32998
33006
33007
33017
33016
33015
33024
33025
33026
33037
33036
33035
33044
33045
33053
33052
33051
33061
33071
33072
33062
33063
33073
33082
33083
33093
33094
33081
33091
33092
33102
33103
33113
33104
33114
33123
33120
32431
33110
33100
33090
33080
33101
33111
33112
33121
33130
33131
33122
33132
32618
33141
33140
33129
33139
32432
33148
33159
32433
33169
33178
33187
33195
32434
33201
32435
33210
33211
32628
33202
33196
32627
33188
33179
33170
33160
33149
33150
33161
33171
33180
33189
32626
33190
33181
33182
33173
33163
33153
33143
33133
33142
33151
33152
32620
33162
33172
33154
33155
33145
33144
33134
33124
33135
32617
33125
33117
33115
33105
33095
33116
33106
33107
33097
33096
33086
33085
33084
33074
33065
33064
33054
33055
33056
33046
32608
33038
33027
33028
33029
33019
33018
32605
33008
32999
32989
32979
32980
32990
33000
33009
33001
33002
33011
33010
33020
33030
33040
33039
33047
33057
33058
33048
32609
32607
33032
33041
32606
33031
33021
33012
33013
33022
33033
33042
33049
33059
33069
33078
33068
33067
33066
33075
33076
33077
33087
33088
33098
33108
33118
33127
33126
33136
33137
32619
33146
33156
33157
33167
33177
32622
33186
33176
33175
33166
33165
33164
33174
33184
33185
33193
33199
33206
33216
33226
33225
33215
33198
33192
33183
32624
33191
33197
33205
33214
33224
33231
33223
33213
33204
33203
33212
33222
33221
32630
32631
33247
33237
33230
33220
33219
32436
33229
32437
33236
32438
33246
32439
33256
32440
33264
32441
33272
32442
33280
32443
33290
32444
33298
32445
33306
32446
33314
33322
32447
33333
32448
33341
32449
33351
32450
33359
33367
32451
33375
32452
33385
32453
33395
32454
33405
32455
33413
32456
33423
33414
33407
32640
32641
33415
33393
33383
33382
33373
33365
33372
33371
33364
32635
32634
33348
33329
33337
33347
33356
33346
33336
33326
33325
33335
33324
33316
33308
33300
33292
33282
33283
32632
33274
33266
33249
33239
33238
33248
33258
33257
33265
33273
33281
33291
33299
33307
33315
33323
33334
33342
33352
33360
33368
33376
32637
33369
33361
33353
33343
32633
33344
33345
33355
33363
33354
33362
32636
33370
33378
33379
33380
33381
33392
33391
33390
33401
33402
33403
33411
33410
33420
33421
33431
33430
33441
33440
33448
33458
33468
33467
33477
33485
33495
33505
33515
33523
33514
33504
33494
33476
33466
33456
33457
33447
33439
33429
33438
33437
33427
33417
33428
33418
33419
33409
33400
33399
33389
33388
33377
32638
33386
33396
33406
32639
33387
33397
33398
33408
33416
33426
33425
33436
33446
33455
33465
33475
33464
33454
33435
32642
33424
32457
33433
32458
33443
32459
33451
33444
33434
33445
32643
32644
33453
33463
33473
33474
33484
33493
33503
33513
33502
33492
33491
33501
33511
33512
33522
33531
33530
33529
32650
32649
33521
33539
33540
33541
33550
33558
33566
33574
33573
33583
33591
33599
33607
33615
33623
32652
33630
33622
33614
33606
33598
33590
33582
33572
32651
33565
33557
33549
33548
33538
33528
33520
33510
32648
33500
32647
32646
33483
32645
33472
33462
33452
32460
33461
32461
33471
32462
33481
32463
33482
33490
33489
32464
33499
32465
33509
32466
33519
32467
33527
32468
33537
32469
33547
32470
33555
32471
33556
33564
33563
32472
33571
32473
33581
32474
33589
32475
33597
32476
33605
32477
33613
32478
33621
32479
33629
32480
33639
32481
33649
32482
33659
32483
33667
32484
33677
32485
33687
32486
33697
32487
33705
32488
33715
32489
33725
32490
33735
32491
33743
32492
33753
32493
33763
32494
33773
32495
33781
32496
33791
32497
33801
32498
1
32499
9
32500
19
32501
29
32502
37
32503
45
32504
53
32505
63
32506
71
32507
79
32508
87
32509
95
32510
103
32511
111
32512
121
32513
131
32514
141
32515
149
32516
159
32517
169
32518
179
32519
187
32520
197
32521
207
32522
217
32523
225
32524
235
32525
245
32526
255
32527
263
32528
273
32529
283
32530
293
32531
301
32532
311
32533
321
32534
329
32535
337
32536
345
32537
355
32538
363
32539
371
32540
379
32541
387
32542
395
32543
403
32544
413
32545
423
32546
433
32547
441
32548
451
32549
461
32550
471
32551
479
32552
489
32553
499
32554
509
32555
517
32556
527
32557
537
32558
547
1144
1145
1136
1126
1135
1143
1134
1125
1124
1133
1142
1152
1151
1141
1150
1160
1159
1169
1178
1187
1196
1203
1212
1217
1225
1231
1242
1226
32766
32764
1204
1197
1205
1206
1189
32762
1188
32761
32760
32759
1161
1162
1153
1154
1163
1170
1179
1180
1171
1181
1190
1191
1182
1172
1164
1155
1146
1137
1128
1117
1127
1116
32752
1107
1108
1098
1089
1090
1079
1069
1060
1051
1042
1032
1033
1043
1052
1080
1070
1081
1091
1100
1101
1092
1082
1072
1071
1061
32747
1053
1044
32743
1035
1034
1027
1021
1020
1013
1012
32738
1003
994
971
981
992
991
980
970
969
979
990
1000
1009
1010
32739
1026
1019
1011
1001
1002
993
982
972
983
984
974
973
963
964
954
962
961
960
959
968
958
950
957
949
940
951
941
932
32731
924
923
914
915
933
942
32733
952
953
944
945
935
927
918
910
901
900
909
917
926
934
943
32732
925
916
908
907
897
896
887
879
864
865
872
880
889
888
898
899
890
891
881
873
866
867
857
848
849
858
874
882
32729
892
883
875
32726
32725
850
842
32722
832
831
841
840
829
822
830
823
32720
805
806
798
32716
779
32715
789
788
797
32718
796
786
795
803
804
815
814
813
821
32721
856
855
32723
839
838
837
828
820
812
811
802
32717
810
819
827
836
846
847
32724
854
862
863
32727
871
861
853
845
835
826
818
809
801
800
808
817
825
834
844
852
860
869
870
32728
877
878
886
885
32572
894
32573
903
32730
904
895
905
906
913
912
922
931
939
938
930
921
32574
920
929
32575
937
947
948
32734
32576
956
32577
966
32578
976
986
996
1005
1015
1016
32740
1017
1024
32741
1031
1047
1056
1065
1075
1085
32751
1095
1096
1097
1088
1078
1068
1059
1050
1041
1040
1049
1058
1067
1077
1087
1086
1076
1066
1057
1048
1039
32742
1025
1018
1008
1007
998
999
989
978
967
32735
977
988
987
997
1006
1023
1030
1038
1046
1055
1064
1074
1084
32579
1094
1104
1105
1106
1115
1114
1113
1122
1123
1132
1131
1140
1149
1158
1168
1177
1186
1195
1202
1211
1216
1224
1230
1241
32580
1251
1252
17672
17673
17674
17675
17816
17676
17677
17678
17679
17680
17681
17682
17683
1253
1250
1238
1249
1248
1247
1236
1235
1246
1245
1234
1233
1244
1243
1232
32767
1218
1219
1237
1227
32768
1221
1220
1213
32765
1208
1207
1198
1199
1200
32763
1209
1214
1222
1228
1239
1240
1229
1223
1215
1210
1201
1193
1194
1185
1176
1167
1157
1148
32756
32757
32758
1166
1175
1184
1192
1183
1174
1173
1165
1156
1147
1138
1129
1118
1109
1099
1110
1111
1119
32753
1130
32754
1139
32755
1121
1120
1112
1102
1103
1093
32750
1083
32749
1073
32748
1063
1062
1054
32745
32746
32744
1045
1036
1028
1037
1029
1022
1014
1004
32737
995
32736
985
975
965
955
946
936
928
919
911
902
893
884
876
868
859
851
843
833
824
816
32719
807
799
790
780
772
771
778
763
754
737
728
716
707
706
32706
697
696
687
676
677
668
660
652
678
669
661
653
654
647
637
627
618
628
619
620
629
638
648
656
664
672
671
663
655
662
670
680
679
688
32705
698
708
717
32709
718
709
700
689
699
690
681
682
691
701
711
710
719
720
730
729
739
748
757
766
765
756
747
738
746
755
764
770
32713
769
32714
777
787
794
784
785
776
761
762
752
753
745
736
32710
727
726
715
714
32708
705
695
686
675
667
659
651
641
642
643
634
625
644
645
646
636
635
626
617
608
607
597
596
587
578
579
588
598
609
599
589
580
570
559
551
544
543
542
541
531
556
548
538
528
518
510
500
490
480
521
503
502
492
482
481
491
501
512
520
530
540
550
569
568
558
32700
567
577
595
606
616
605
604
594
586
576
566
565
574
584
575
585
32702
593
603
615
624
614
623
633
632
32703
640
650
658
666
32704
674
684
685
694
704
32707
713
722
723
744
735
725
724
734
743
32711
760
751
742
733
732
741
750
759
32712
768
775
774
782
783
793
792
791
781
773
767
758
749
740
32571
731
721
32570
712
702
703
693
692
683
32569
673
32568
665
32567
657
32566
649
32565
639
32564
630
32563
631
622
613
621
32562
612
32561
602
592
32560
583
32559
573
563
555
564
557
549
32699
539
529
519
32698
32697
511
32696
32695
32694
473
472
462
32693
463
464
454
465
474
483
493
504
494
484
495
505
513
522
532
533
523
534
524
514
506
496
497
507
515
525
535
545
553
552
560
32701
571
581
590
600
610
611
601
591
582
572
562
561
554
546
536
526
516
508
498
488
487
478
470
460
450
440
432
422
412
402
394
386
378
370
362
354
344
336
327
326
452
442
434
435
32691
32692
453
443
444
436
445
455
446
456
466
457
447
438
448
467
475
485
486
476
477
469
468
458
459
449
439
431
430
421
411
401
393
385
377
376
384
392
400
410
420
399
409
419
429
437
428
418
408
407
417
427
426
425
415
416
406
405
389
397
32688
32689
32690
424
414
404
396
388
380
381
373
372
364
365
357
356
346
338
330
322
312
302
294
284
274
264
256
246
236
226
218
208
198
188
180
181
32676
32677
318
308
309
319
328
320
310
300
299
298
297
288
289
290
291
292
282
281
272
262
261
271
280
279
269
270
260
243
244
254
253
252
259
268
278
287
277
267
258
249
239
229
230
240
250
251
241
242
232
233
234
224
223
231
221
222
214
215
216
206
205
204
194
195
196
186
185
184
176
177
178
168
167
166
165
155
189
199
209
32678
219
32679
32680
227
237
32681
257
32682
32683
265
275
285
32684
295
32685
303
313
32686
323
331
339
32687
347
348
358
366
374
382
390
398
391
383
375
368
367
359
350
349
340
332
324
351
360
369
361
353
352
343
335
334
342
341
333
325
317
307
306
316
315
314
304
305
296
286
276
266
247
248
238
228
220
210
200
211
212
213
203
202
201
191
190
182
192
193
183
175
174
173
163
172
162
164
154
153
144
145
138
146
156
157
158
148
147
139
140
130
129
128
118
119
120
110
109
108
100
101
102
94
93
92
84
85
86
78
77
76
68
67
75
83
91
99
107
117
127
137
136
135
125
134
124
114
113
32671
32672
123
133
151
152
161
171
32675
170
160
150
32674
32673
143
142
132
122
112
104
96
88
80
72
32670
105
97
89
81
73
65
64
54
46
38
30
31
39
47
32669
55
56
126
116
115
106
98
90
82
74
66
57
48
40
32
22
12
11
21
32668
20
10
32667
3
2
33802
33792
32666
33783
33793
33803
33804
33794
33784
33775
32664
32665
33782
33774
33765
33766
33776
33767
33768
33758
33757
33756
33746
33747
33748
33738
33730
33729
33728
33737
33755
33745
32662
32663
33764
33754
33744
32661
33736
33726
33716
33706
33698
32658
32659
32660
33727
33717
33708
33718
33707
33699
33688
33678
32656
32655
33661
32654
32653
33640
33650
33660
33668
32657
33669
33679
33689
33690
33700
33709
33719
33720
33710
33711
33701
33693
33692
33691
33682
33672
33671
33681
33680
33670
33662
33653
33654
33644
33634
33633
33643
33642
33652
33651
33641
33631
33632
33624
33616
33608
33600
33592
33584
33575
33576
33577
33567
33559
33551
33542
33532
33533
33543
33544
33545
33553
33552
33560
33568
33578
33585
33593
33601
33609
33617
33625
33635
33636
33626
33618
33610
33619
33627
33637
33647
33657
33665
33675
33685
33684
33674
33664
33656
33646
33645
33655
33663
33673
33683
33694
33702
33712
33713
33723
33733
33741
33732
33722
33721
33731
33739
33740
33751
33761
33760
33750
33749
33759
33769
33770
33771
33779
33789
33799
33808
6
7
17
16
27
26
25
15
5
33807
33797
33798
33788
33778
33777
33787
33786
33785
33795
33796
33806
33805
4
13
23
14
24
33
41
58
59
49
34
35
42
50
60
69
70
62
61
51
52
44
43
36
28
18
8
33809
