16931
16933
16935
16937
16939
16941
19867
19866
19865
19864
19863
19862
19861
19860
19859
19858
19857
19856
19855
19854
19853
19852
16943
19851
19850
19849
19848
19847
19846
19845
19844
19843
19842
19841
19840
19839
19838
19837
19836
19835
16989
16987
19822
19821
19820
19819
19818
19817
19816
16985
16983
19794
19793
19792
19791
19790
19789
19788
19787
19786
19785
19784
19783
19782
18356
18361
18365
18369
18374
18380
18386
18397
18402
18413
18417
18288
18429
18289
18441
18290
18453
18291
18465
19795
19796
18476
18293
18488
19797
19798
18294
18500
18295
18512
19799
19800
18518
18524
19801
19802
18536
18299
19803
19804
19805
19806
19807
19808
19809
19810
19811
19812
19813
19814
19815
18629
18635
18647
18654
18660
18672
18677
18682
18308
18694
18309
18706
19823
19824
18712
18718
19825
19826
18730
18737
19827
19828
18744
18756
19829
19830
18313
19831
18784
18791
19832
19833
19834
18798
18804
18811
18823
18829
18841
18848
18855
18862
18874
18880
18886
18898
18905
18912
18919
18926
18933
18945
18957
18964
18971
18978
18985
18997
19003
19009
19015
19027
19032
19037
19042
19047
19052
19057
19062
19868
19869
19067
19072
19870
19871
19077
19082
19872
19873
19087
19874
19875
19876
19877
19878
19879
19880
19881
18333
19882
19883
19884
19885
19886
19887
19888
19889
19890
19891
19892
19893
19894
19895
19896
19897
19898
19899
19900
19901
19902
19903
19904
19905
19906
19907
19908
19909
19910
19911
19912
19913
19914
19915
19916
19917
19918
19919
19920
19921
19922
19923
19924
19925
19926
19927
19928
19929
19930
19931
19932
19933
19934
19935
19936
19937
19938
19939
19940
19941
19942
19943
19944
19945
19946
19947
19948
19949
18334
19288
19950
19951
19952
19291
19294
19297
19953
19954
19955
19300
19303
19306
19956
19957
19958
19309
19312
19315
19959
19960
19961
19318
19321
19324
19962
19963
19327
19339
19343
19964
19965
19966
19347
19351
19355
19967
19968
19969
19359
19363
19367
19970
19971
19972
19371
19375
19379
19973
19974
19383
19387
19975
19976
19977
19391
19395
19399
19404
19978
19979
19980
19409
19414
19419
19981
19982
19983
19424
19429
19434
19984
19985
19986
19439
19444
19449
19987
19988
19454
19459
19989
19990
19991
19464
19469
19474
19480
19992
19993
19486
19492
19994
19995
19996
19498
19504
19510
19522
19534
18340
19546
19553
19565
19577
18343
19589
19596
19608
19615
19622
19634
19640
19646
19652
19658
19663
19668
19673
19679
19691
19703
19715
19721
19763
19769
19775
19781
20027
20026
20025
20024
20023
20022
20021
20020
20019
20018
20017
20016
20015
20014
20013
20012
16957
20011
20010
20009
20008
20007
20006
20005
20004
20003
20002
20001
20000
19999
19998
19997
16955
16953
16951
16949
