3757
17443
17444
17445
17320
17321
17446
17447
17448
17323
17322
17324
17449
17450
17451
17452
17453
5687
5688
5689
5690
5691
4128
4124
4119
4114
4109
3917
4099
4108
4098
4097
4107
4112
4117
4113
4118
4123
4127
4133
4132
4142
4149
4156
4163
4169
4168
4162
4155
4148
4141
3924
4131
3923
4126
4122
3921
4121
4116
4111
4106
4105
4104
4103
4102
4101
4110
3922
4138
4139
4140
4147
4154
4161
4167
4173
4184
4194
4193
4183
4182
3926
3925
4160
4153
4146
4137
4136
4135
4145
4152
4159
4166
4172
4179
4180
4181
4192
4191
4190
4189
4198
4205
4214
4223
4232
4233
4234
4235
4224
4215
4206
4207
4216
4225
4226
4217
4208
4199
4200
3928
4209
3929
4218
3930
4227
4237
4236
4241
4252
4251
4250
4249
4248
4247
4240
4246
4256
4278
4277
4276
3934
4294
4303
3936
4302
4293
4284
4275
4270
4265
4261
4260
3932
4264
4269
4274
4283
4288
4292
4301
4312
4321
4331
4341
4351
4358
4367
4376
4386
4396
4406
4416
4425
4435
4445
4454
4461
4470
4474
4483
4492
4499
4506
4513
4521
4529
4537
4544
4552
4560
4568
4569
4570
4561
4553
4545
4538
4530
4522
4514
4507
4500
4493
3951
4475
3950
4476
4485
4484
4494
4501
4508
4515
4523
4531
4539
4546
4554
4562
3955
4555
4547
4540
4532
4524
4516
4509
4502
4495
4486
4477
4471
4478
4472
4467
4468
4457
4458
4452
4451
3944
4441
4431
3942
4421
4420
4440
3947
4456
4466
4465
4464
4463
4462
4455
4446
4447
4436
4427
4428
4429
4438
4437
4448
3946
4449
4450
4439
4430
4419
4411
4401
4412
4402
4392
4391
4381
4372
4363
4354
4346
4362
4371
4380
4390
4400
4410
4409
4399
4389
4379
4370
4361
4360
4369
4378
4388
4398
4408
4418
3943
4426
4417
4407
4397
4387
4377
4368
4359
4352
4342
4332
4322
4323
4333
4343
4353
4344
4334
4324
4313
4304
4314
4325
4335
4345
4336
4326
4315
4305
4295
4296
4279
3933
4271
4266
4262
4257
4272
4267
4263
4258
4253
4243
4242
4238
4228
4219
4210
4201
4195
4196
4186
4185
4174
4175
4176
4170
4164
4157
4150
4143
5692
5693
5694
5695
5696
5697
5698
5699
5700
5701
5702
5703
5704
5705
5706
5707
5708
5709
5710
5711
5712
4299
4298
4290
4286
4281
4280
4285
4289
3935
4306
4307
4316
4327
4337
4347
3937
4338
4329
4328
4317
4318
4308
4297
4309
4310
4319
5713
4339
5714
5715
5716
4356
4349
4348
4355
3938
3939
3940
4382
4393
4403
4394
4383
4373
4364
4365
4374
4384
5717
5718
5719
5720
5721
5722
4433
4423
4414
4404
3941
4413
4422
4432
4442
4443
3945
4459
3948
5723
3949
4481
4480
4489
4488
4479
4487
4496
4490
5724
4497
4504
3952
4503
4510
3953
4511
5725
5726
5727
4527
4519
4518
4517
4526
4525
4533
4541
4548
4556
4557
4549
3954
4534
4535
4542
4550
5728
5729
5730
4558
4566
4574
5731
5732
4596
4606
4605
4615
4616
5733
4630
4634
4626
3960
3961
3962
4638
5734
4646
4650
4642
3963
3964
3965
4654
5735
4662
4658
3966
3967
3968
4666
4670
5736
4674
3969
4678
4682
4686
5737
4694
4698
5738
5739
5740
4710
3974
4714
5741
5742
5743
5744
5745
5746
4734
4738
3975
4742
4746
4750
5747
4754
4753
4757
4761
4765
4769
3980
3979
3978
4758
4762
4766
5748
4770
3981
3982
4774
4778
4782
5749
4786
3984
3985
4789
4793
4797
4801
3986
4790
4794
4798
5750
4806
4810
4814
5751
4822
4826
5752
5753
5754
5755
5756
5757
5758
5759
5760
4870
4874
5761
4878
3995
3994
3993
4866
4862
4858
4854
4850
4846
4842
3992
4838
4834
4830
3991
3990
4818
3989
3988
3987
4802
4805
4809
4813
4817
4821
4825
4829
4833
4837
4841
4845
4849
4853
4857
4861
4865
4869
4873
4877
4882
3996
4886
4890
3998
4894
5762
4898
3999
4902
4906
4910
5763
4918
4922
4926
5764
4934
4938
4942
5765
4950
4954
4958
4962
4966
4010
4974
4970
5766
5767
5768
5769
5770
5771
5772
5773
5774
4998
5002
5006
5775
5014
4015
4014
5010
4013
4012
4011
4994
4990
4986
4982
4978
4981
4985
4989
4993
4997
5001
5005
5009
5013
5017
5021
5025
5029
5033
5037
5041
4019
4018
4017
5026
4016
5018
5022
5776
5030
5034
5038
5777
5042
4020
5045
4021
5046
5050
5778
5054
4022
5049
5053
5057
4023
5066
5070
5075
5076
5071
4024
5058
5067
5072
4025
4026
5077
5779
5083
5082
5081
5087
5088
4028
5089
5099
5780
5781
5782
5123
5783
5784
5785
5786
5158
5168
5174
5179
5184
5787
5194
5193
5192
5203
5204
5788
5789
5790
5791
4044
4043
4042
5232
5231
5230
5223
4039
5214
5213
5212
5202
5201
5200
5210
5211
5221
5220
5228
5222
5229
5240
5241
5250
5249
5258
5259
5268
5267
5277
5278
5297
5296
5288
5287
5276
5266
5257
5256
5265
5275
5286
5285
4048
5284
5274
5264
5255
5246
5236
5245
5254
5263
5273
5283
5293
5301
5302
5309
5310
5303
5294
5295
5304
4051
4053
5328
5329
5330
5319
5311
5312
5313
5305
5298
5289
4047
5279
4046
5269
4045
5792
5793
5794
5795
5796
5797
5331
4054
5321
5320
5338
4057
5339
5340
5348
5356
5347
5355
5363
5370
5378
5386
5394
5401
5402
5395
5387
5379
5371
5364
5798
5799
5800
5801
5802
5803
5804
5805
5806
5431
5430
5422
5412
5411
5410
5409
5399
5392
5391
5390
4059
5398
5406
5407
5416
5417
5408
5418
5419
4060
5435
5427
5426
4061
5434
5442
5452
5451
5441
5425
5415
5405
5397
5404
5414
5424
5433
5440
5450
4064
5460
5470
5469
5479
5480
4068
5488
5496
5504
5513
5522
5531
5540
4075
5532
5523
5514
5505
5506
5497
4069
5489
5481
5471
5461
4065
5453
5443
5444
5454
5455
5445
5446
5436
5428
5420
5421
5429
5437
5447
5457
5456
5464
5465
4063
5448
4062
5438
5807
5808
5809
5458
5467
5466
5476
5477
5810
5811
5812
5494
5486
5485
5493
5501
5500
5510
5509
5519
5527
5526
5518
4072
5508
4070
5498
5499
5491
5492
5484
5475
4066
5474
5483
5490
5482
4067
5473
5463
5462
5472
5507
5515
5524
5516
5517
4073
5525
5536
5544
5543
5535
5534
5533
5542
5541
4076
4077
5551
5560
5571
5572
5561
5552
5553
5554
5564
5565
5556
5547
5546
5555
5545
5537
5538
5528
5520
5511
4071
5502
5813
5814
5529
4074
5548
5557
5566
4078
5576
5815
5816
4079
5586
5592
5817
5818
5598
4083
5604
4085
5605
5819
5612
5611
5618
5619
5820
5821
5822
5823
5651
5641
5633
5626
5625
4088
5624
5617
5610
5603
5596
5597
5591
5590
5584
5585
5575
5574
5563
5562
5573
5583
5582
5589
5581
5570
5569
5559
5568
5578
5579
5580
4080
4081
5595
4082
5602
4084
5609
4086
5616
4087
5623
5629
4090
5637
5630
5638
5649
5639
5631
5632
5640
4091
5650
5657
5658
5667
5666
5665
5674
5675
5676
5680
5681
5824
5825
5686
5685
17657
17656
17655
17654
17653
17652
17651
17650
17649
17648
17810
5684
5679
5673
5664
5656
5648
5647
5646
5655
4094
5662
5663
5672
5671
5670
4095
5661
4093
5654
5645
5644
5636
5628
4089
5622
5615
5608
5601
5600
5607
5614
5621
5635
5643
4092
5653
5660
5669
5678
5683
5682
3916
5677
3915
5668
3914
5659
5652
5642
5634
5627
5620
5613
5606
5599
5593
5594
5588
5587
5577
5567
5558
3913
5549
5550
5539
3912
5530
5521
5512
5503
5495
5487
5478
5468
5459
5449
5439
5432
5423
5413
5403
5396
5388
3911
5380
3910
5372
3909
5373
5381
5389
5382
5374
5383
5375
5367
5360
5352
5366
5365
4058
5358
5359
5351
5343
5342
5350
5357
3908
5349
3907
5341
5332
5333
5344
5353
5361
5368
5376
5384
5400
5393
5385
5377
5369
5362
5354
5346
5337
5345
4056
5336
5327
5318
5317
5326
5335
5334
5325
5324
5323
4055
5322
5314
5306
5315
5316
5308
4052
5307
4050
5300
4049
5292
5299
5290
5291
5281
5280
5270
5271
5282
5272
5262
5253
5252
5261
5260
5251
5242
5243
5244
5235
5226
5237
5247
5248
5239
5238
5227
5219
5209
5199
5198
5191
4037
5186
5181
4036
5190
5196
5206
5216
5217
5207
5197
5208
5218
4041
4040
5225
5234
5233
5224
5215
5205
5195
5189
5185
5180
3906
5175
5169
5170
4033
5176
5171
4031
5161
5152
5162
5163
5153
5154
5164
5165
5155
5145
5146
5156
5166
5173
5178
5172
5177
5182
5187
4038
5188
5183
4035
4034
4032
5167
5157
5147
5141
5135
5129
5128
5134
5140
5139
5133
5127
5121
5115
5109
5103
5104
5110
5116
5122
4029
5117
5111
5105
5098
5097
5096
5095
5094
5086
5093
5102
5108
5101
5092
5091
5107
5114
5120
5126
5132
5113
5119
5125
5131
5137
5143
5138
5144
5151
5160
5150
5149
4030
5159
3905
5148
5142
3904
5136
3903
5130
3902
5124
3901
5118
3900
5112
3899
5106
3898
5100
3897
5090
5084
3896
5078
5073
3895
5068
3894
5059
5060
5061
5079
5085
5080
4027
5074
5069
5062
5063
5064
5065
5056
5052
5048
5044
5040
5036
5032
5028
5024
5020
5016
5012
5008
5004
5000
4996
4992
4988
4984
4980
4976
4972
4977
4973
4969
4965
4961
4957
4953
4968
4964
4960
4956
4952
4948
4944
4940
4936
4932
4928
4924
4920
4916
4912
4908
4904
4900
4896
4905
4909
4913
4917
4921
4925
4929
4933
4937
4941
4945
4949
4009
4008
4946
4007
4006
4005
4930
4004
4003
4002
4914
4001
4000
4901
4897
4893
4889
3997
4885
4881
4892
4888
4884
4880
4876
4872
4868
4864
4860
4856
4852
4848
4844
4840
4836
4832
4828
4824
4820
4816
4812
4808
4804
4800
4796
4792
4788
4785
4781
3983
4777
4773
4784
4780
4776
4772
4768
4764
4760
4756
4752
4759
4763
4767
4771
4775
4779
4783
4787
4791
4795
4799
4803
4807
4811
4815
4819
4823
4827
4831
4835
4839
4843
4847
4851
4855
4859
4863
4867
4871
4875
4879
4883
4887
4891
4895
4899
4903
4907
4911
4915
4919
4923
4927
4931
4935
4939
4943
4947
4951
4955
4959
4963
4967
4971
4975
4979
4983
4987
4991
4995
4999
5003
5007
5011
5015
5019
5023
5027
5031
5035
5039
5043
5047
5051
5055
3893
3892
3891
3890
3889
3888
3887
3886
3885
3884
3883
3882
3881
3880
3879
3878
3877
3876
3875
3874
3873
3872
3871
3870
3869
3868
3867
3866
3865
3864
3863
3862
3861
3860
3859
3858
3857
3856
3855
3854
3853
3852
3851
3850
3849
3848
3847
3846
3845
3844
3843
3842
3841
3840
3839
3838
3837
3836
3835
3834
3833
3832
3831
3830
3829
3828
3827
3826
3825
3824
3823
3822
3821
3820
3819
4755
3818
4751
3817
4747
3816
4743
3815
4739
3814
4735
3813
4731
3812
4727
3811
4723
3810
4719
3809
4715
3808
4711
3807
4707
3806
4703
3805
4699
3804
4695
3803
4691
3802
4687
3801
4683
3800
4679
3799
4675
3798
4671
3797
4667
3796
4663
3795
4659
3794
4655
3793
4651
3792
4647
3791
4643
3790
4639
3789
4635
3788
4631
3787
4627
3786
4617
4618
4619
4620
4628
4632
4636
4640
4644
4648
4652
4656
4660
4664
4668
4672
4676
4680
4684
4688
4692
4696
4700
4704
4708
4712
4716
4720
4724
4728
4732
4736
4740
4744
4748
4749
3977
3976
4745
4741
4737
4733
4729
4725
4721
4730
4726
4722
4718
4717
4713
4709
4705
4706
4702
4701
4697
3973
3972
4690
4693
4689
4685
3971
3970
4681
4677
4673
4669
4665
4661
4657
4653
4649
4645
4641
4637
4633
4629
4625
4614
4604
4595
4586
4580
4573
4565
4564
4563
3956
4571
4572
4578
4584
4579
4585
4594
4593
4603
4613
4624
4623
4622
4621
4610
4611
4612
4601
4602
4592
4591
4600
4609
4599
4589
4590
4583
4577
4576
4582
3957
4588
4598
4608
3958
3959
4607
3785
4597
3784
4587
3783
4581
3782
4575
3781
4567
4559
3780
4551
3779
4543
3778
4536
3777
4528
3776
4520
3775
4512
3774
4505
3773
4498
3772
4491
3771
4482
3770
4473
4469
3769
4460
4453
4444
4434
3768
4424
4415
3767
4405
4395
4385
4375
4366
4357
4350
3766
4340
4330
4320
4311
4300
4291
4287
4282
3765
4273
4268
3764
4259
3763
4254
3762
4244
4255
4245
4239
3931
4230
4231
4222
4213
4204
4212
4221
4229
4220
4211
4202
4203
4197
3927
4188
4178
4187
4177
4171
4165
4158
3761
4151
3760
4144
3759
4134
4129
4130
4125
3920
4120
3919
4115
3918
3758
4100
4096
