17351
17352
17532
17533
21691
21692
21693
21893
21695
21897
21902
21907
21908
21917
21916
21925
21700
21934
21935
21936
21927
21926
21918
21919
21928
21944
21943
21952
21942
21941
21702
21950
21951
21957
21956
21965
21974
21983
21992
22001
22011
22012
22023
22032
22040
22051
22050
22049
22059
22067
22066
22058
22048
22039
22031
22022
22021
21714
22030
21715
22038
22047
22057
22065
21717
22072
22073
22074
22082
22081
22080
22088
22095
22096
22089
22090
22097
21719
22103
22110
22120
22131
22121
22111
22112
22113
22123
22122
22133
22132
21721
21722
21723
22157
22165
22173
21727
22180
22189
22188
22197
21731
22196
21730
22187
21729
22179
22172
21724
22156
22148
22140
22130
22119
22109
22102
22108
22118
22129
22139
22147
22155
22164
22171
22178
22186
22203
22204
22212
22211
22220
22229
22230
21737
21738
22239
22248
22249
22259
22267
21741
22258
21739
22257
22266
22265
22274
22284
22294
22304
22314
22324
22333
22343
22353
22363
22364
22373
22372
22381
22382
22391
22390
22399
22407
22408
22417
22416
22426
22427
22436
22435
22443
22444
21753
22451
22457
22463
22470
22475
22480
21755
22485
22486
22487
22488
22489
22490
22491
21756
22495
22499
22494
22498
22501
22502
22505
22504
22507
22508
22511
22510
22513
22514
22517
22520
22516
22519
22522
22525
22528
22529
22532
22531
22535
22539
22543
22546
22550
22554
22558
22562
22566
22567
22571
22570
22573
22574
22577
22576
22579
22580
22583
22584
22587
22586
22589
22592
22596
22599
22602
22605
22609
22612
22615
22618
22622
22625
22628
22631
22635
22638
22641
22645
22649
22653
22654
22657
22656
22660
22661
22665
22664
22668
22672
22676
22677
22681
22680
22683
22686
22689
22693
22696
22699
22700
22703
22702
22706
22707
22710
22709
22712
22713
22716
22715
22719
22722
22725
22726
22729
22728
22732
22735
22738
22739
22742
22741
22745
22746
22749
22748
22751
22755
22759
22763
22766
22770
22774
22778
22782
22786
22790
22793
22796
22797
22800
22799
22803
22806
22809
22810
22813
22812
22816
22819
22822
22823
22826
22825
22829
22832
22835
22836
22839
22838
22842
22845
22848
22849
22852
22851
22855
22858
22861
22862
22866
22865
22869
22870
22874
22873
22876
22877
22881
22880
22884
22888
22892
22896
22897
22901
22900
22903
22906
22909
22918
22917
22916
22915
22914
22913
22933
22937
22941
22954
21826
22950
22945
21823
21821
21819
22929
22934
22938
22942
22946
22947
22952
22951
22962
22961
22960
22968
22969
22979
22978
22977
22967
22959
22958
22966
22976
22985
22986
22987
22988
22997
22996
21834
22995
22994
23003
21835
23008
23013
23018
23024
21838
23029
23035
23040
23046
21840
21841
23076
23081
23086
23096
23100
23108
23116
23126
23128
23117
23109
23110
23118
23111
23119
23120
23112
23104
23103
23102
23101
23087
23088
23089
23090
23091
23092
23082
23077
23072
23067
23062
23057
23052
23047
23048
23042
23043
23049
23054
23053
23058
23063
23069
23068
23073
23074
23079
23078
23083
23084
21845
23093
23098
23106
21849
21847
23097
23105
23113
23121
23122
23123
23114
21851
23124
21852
21853
21854
21855
23148
23138
23147
23146
23137
23145
23136
23135
23144
23143
23134
23142
23133
23130
23132
23141
23150
23154
23158
23163
23164
23165
23166
23175
23174
23183
23184
23185
23186
23177
23176
23167
23168
23169
23159
23155
23151
23152
23156
23160
21859
23170
21861
23179
21863
23188
23178
23187
23199
23208
23217
23227
23230
23226
23225
23216
23207
23198
23197
23206
23215
23224
23223
23222
23213
23214
23205
23196
23195
23204
23203
23194
21865
23182
23173
23172
23181
23193
23202
23211
23212
23221
23220
21874
23236
23237
23238
23247
23246
23245
23244
23235
23234
23243
21878
23252
23253
23254
23255
23248
23239
23240
23249
23257
23256
17751
17752
17753
17754
17755
17756
17757
17758
17759
17760
17761
17762
17763
17764
23394
23393
23260
23264
23262
23259
23258
23250
21877
23241
23232
21876
23392
21875
21873
23228
21872
23391
21871
23218
21870
23209
21868
21869
23200
21866
23190
21867
23191
23390
21864
21862
21860
23161
23389
21858
21857
21856
23139
23388
23387
21850
21848
21846
23094
23386
21844
21843
21842
23070
23385
23384
23065
23064
23059
23060
23383
23382
23055
23050
23381
23380
23044
23038
23037
23041
23036
23030
23025
23026
23031
23032
21839
23033
23379
23378
23377
23022
23028
23027
23021
23020
23019
23014
23015
23010
23009
23004
23000
22991
22999
22998
22989
22990
22981
22980
22970
22971
22963
22955
22956
21828
22964
22973
22972
22982
22983
22992
23001
23005
23006
23011
23016
21837
21836
23007
23376
21833
21832
21831
22974
21830
23375
21829
21827
21825
22948
23374
23373
22931
21820
21822
21824
22943
22939
22935
22930
22927
22926
22923
22919
22920
22924
21818
21817
23372
22911
22921
22910
22907
22904
21816
21815
21814
22898
23371
23370
22894
22893
22889
22885
22886
22890
23369
23368
23367
22882
22878
23366
21813
22871
22867
23365
23364
23363
22863
22859
22856
21812
21811
22853
23362
21810
21809
22846
22843
21808
22840
23361
21807
21806
22833
22830
21805
22827
23360
21804
21803
22820
22817
21802
22814
23359
21801
21800
22807
22804
21799
22801
23358
21798
21797
22794
22791
21796
22788
22787
22783
22779
22780
22784
23357
23356
23355
23354
23353
23352
22768
22772
22776
22775
22771
22767
22764
22760
22756
22752
22753
22757
22761
21795
23351
23350
23349
21794
21793
22743
23348
21792
21791
22736
22733
21790
22730
23347
21789
21788
22723
22720
21787
22717
23346
21786
21785
21784
22704
23345
21783
21782
23344
22691
21781
22697
22694
22690
22687
22684
21780
21779
21778
22678
22673
22669
22670
22674
23343
23342
23341
23340
22666
22662
22658
23339
23338
21777
22651
22650
22646
22642
22639
22636
22632
22629
22626
22623
22619
22616
22613
22610
22606
22603
22600
22597
22593
22590
22594
21766
21767
21768
22607
21769
21770
21771
22620
21772
21773
21774
22633
21775
21776
22643
22647
23337
23336
23335
23334
23333
23332
23331
21765
21764
21763
22581
23330
21762
21761
21760
22568
23329
23328
23327
23326
23325
23324
22548
22552
22556
22560
22564
22563
22559
22555
22551
22547
22544
21759
22541
22540
22536
22537
23323
23322
23321
22533
21758
22526
22523
21757
23320
23319
23318
23317
23316
23315
23314
23313
23312
22496
22492
23311
23310
23309
22468
23308
23307
23306
22441
22449
22440
22433
22432
22431
22422
22413
21746
22404
22403
22396
22395
22386
22387
22378
22377
22367
22368
22369
22370
22379
22388
22397
22405
22414
22423
22424
23305
23304
23303
23302
23301
21744
22361
22360
22359
22358
22357
22347
22348
22349
22350
22340
22341
22351
23300
23299
23298
21743
22322
22331
22339
22330
22321
22311
22300
22291
22290
22289
22288
22296
22306
22316
22317
22307
22297
22298
22299
22310
22309
22308
22318
22319
22320
22328
22329
22338
22337
22336
22327
22326
22335
22345
22346
22356
22366
22375
22376
22385
22384
22393
22394
22402
22412
22421
22430
21751
22439
22448
22447
22453
22459
22466
22460
22454
22455
22461
22467
22473
22478
22483
22482
22481
22476
22477
22472
22471
22465
22464
21754
22458
22452
22446
21752
22438
22445
22437
21747
22409
22410
22418
21748
22428
22429
21750
21749
22420
22419
22411
22401
22400
21745
22392
22383
22374
22365
22355
22354
22344
22334
22325
22315
22305
22295
22285
22275
22286
22287
22276
22277
22278
22268
22269
22279
22280
22281
22282
21742
22292
22301
22312
22302
23297
23296
23295
23294
22272
22263
22255
22246
23293
21736
22237
22245
22254
21740
22271
22270
22262
22253
22244
22236
22226
22227
21735
22218
22209
23292
22194
22193
22201
22208
22217
22216
22215
22225
22235
22242
22243
22252
22261
22260
22251
22250
22241
22240
22232
22231
22221
22222
22213
22205
21733
21734
22223
22233
22234
22224
22214
22206
22198
22199
21732
22207
22200
22192
22191
22190
22181
21728
22174
22166
22158
21725
22159
22150
22149
22141
22142
22134
21720
22124
22125
22135
22143
22151
22160
22167
22175
22182
22183
22184
22176
22168
21726
22169
22162
22161
22152
22144
22136
22126
22116
22127
22137
22145
22153
23291
23290
23289
23288
23287
23286
21718
22086
22093
22085
22077
22078
23285
23284
23283
23282
23281
22055
22063
22071
22070
22062
22054
22044
22045
23280
23279
22037
22036
22028
22029
23278
23277
22019
22018
22008
22009
23276
23275
21999
21998
21997
21711
22007
21712
22017
21713
22027
22035
22043
22053
22061
22069
22076
22084
22092
22099
22100
22106
22105
22115
22114
22104
22098
22091
22083
22075
22068
22060
22052
21716
22042
22034
22041
22033
22026
22016
22006
22005
22015
22025
22024
22014
22013
22002
21993
21984
21975
21966
21958
21967
21976
21985
21994
22003
22004
21995
21986
21977
21968
21959
21960
21969
21978
21987
21996
21710
21988
21979
21970
21961
21947
21946
21945
21930
21929
21920
21921
21912
21911
21910
21909
21903
21696
21898
21894
21889
21880
21881
21882
21883
21884
21885
21886
21891
21694
21890
21895
21899
21904
21913
21922
21931
21932
21938
21937
21948
21953
21703
21962
21704
21971
21706
21980
21708
21989
21709
21990
21981
21707
21705
21972
21963
21954
23274
23273
23272
21949
21701
21939
23271
23270
21933
21699
21923
21698
21697
21914
23269
23268
23267
21905
21900
23266
21896
21892
21887
23265
17540
17539
17538
17537
17536
17535
17534
17354
