17344
17510
17509
25692
25701
25709
25710
25716
25715
25708
25700
25699
25707
25722
25723
25513
25732
25514
25741
25740
25731
25730
25739
25748
25749
25750
25756
25767
25766
25765
25788
25789
25799
25798
25808
25809
25810
25801
25800
25790
25780
25773
25774
25781
25791
25782
25792
25802
25812
25811
25818
25826
25827
25835
25843
25852
25861
25862
25871
25880
25889
25897
25906
27655
27654
27653
27652
27651
27650
27649
25853
25844
25836
25828
25819
25820
27648
27647
27646
27645
27644
27643
27642
25759
25758
25769
25775
25768
25757
25751
25752
25742
25733
25724
25717
25712
25711
25702
25510
25693
27634
27635
23735
23745
23395
23759
23764
23775
23782
23781
23774
27636
27637
27638
27639
27640
27641
23814
23821
23828
23835
23842
23396
23849
23397
23857
23398
23865
23866
23573
23873
23574
23880
23887
23399
23894
23400
23901
23401
23914
23921
23402
23930
27656
27657
25933
25944
25954
25965
27658
25972
25981
27659
25989
25536
26006
25540
26023
27660
27661
27662
27663
27664
25546
26090
26101
26110
26109
26120
26119
26130
26131
26142
27665
26152
26160
26168
27666
27667
27668
26195
26203
26212
27669
27670
27671
26221
26230
26241
26240
26229
26220
26211
26202
26194
26185
26186
26177
26176
26175
26184
26193
25553
26210
26219
26228
26239
26247
26248
26256
25555
26257
26249
27672
27673
27674
27675
26267
25556
26277
25557
26287
27676
27677
26304
26311
26310
26303
26297
26296
25558
25559
25560
26317
26318
27678
26331
26330
26324
25561
25562
25563
26344
26337
26338
26345
27679
26358
26365
27680
26372
26371
26364
26357
26351
25564
25565
25566
26370
26363
26356
26350
26343
26336
26329
26323
26316
26309
26302
26295
26294
26284
26274
26264
26265
26275
26285
26286
26276
26266
26255
26254
26246
26237
26238
26227
26218
26209
26201
26192
26183
26174
26166
26158
25551
25552
26167
26159
26151
25550
26141
26140
26129
26118
26108
26099
26100
26089
26079
26070
26061
26052
26041
26042
26033
26032
26022
26021
26013
26014
26005
25997
25988
25980
25971
25964
25953
25943
25932
25923
25924
25915
25914
25905
25896
25888
25879
25870
25869
25878
25887
25895
25904
25913
25922
25931
25942
25952
25963
25962
25961
25950
25951
25941
25930
25921
25912
25903
25894
25886
25877
25868
25859
25860
25851
25842
25834
25833
25825
25817
25520
25522
25524
25841
25850
25849
25858
25867
25876
25885
25893
25902
25911
25910
25920
25929
25940
25939
25949
25960
25968
25977
25976
25985
25986
25978
25969
25970
25979
25987
25996
26004
25995
26003
26012
26020
26019
26011
26002
25994
25538
26010
26018
26029
25543
26039
26030
25542
26031
26040
26051
26060
26069
26078
26088
26087
26077
26076
26067
26068
26059
25544
26050
26049
26048
26058
26066
26075
26085
26096
26106
25548
26097
26086
26098
26107
26117
26128
26139
26150
26149
26138
26127
26116
26115
26126
26137
26148
26157
26165
26173
26182
26191
26200
26208
26217
26226
26236
26245
26253
26263
26273
26283
26293
26301
26308
26315
26322
26328
26335
26342
26349
26355
26362
26369
26376
26382
26389
26396
26403
26409
26416
26423
26429
26435
26441
26448
26454
26460
26466
26472
26478
26484
26491
26498
26505
26511
26518
26525
26532
26538
26545
26552
26559
26565
26572
26579
26586
26592
26599
26606
26613
26619
26626
26633
26639
26645
26651
26658
26664
26670
26676
26682
26688
26694
26701
26708
26715
26721
26728
26735
26742
26748
26755
26762
26769
26775
26782
26789
26796
26802
26809
26816
26823
26829
26836
26843
26849
26855
26861
26868
26874
26880
26886
26892
26898
26905
26913
26921
26929
26936
26944
26952
26960
26967
26975
26983
26991
26998
27006
27014
27023
27030
27031
27024
27015
25626
25624
27007
26999
26992
26984
25620
26977
26969
25619
26976
26968
26961
25618
26962
26954
25617
26953
26945
26937
26930
26931
25615
25616
26946
26938
26923
25614
26922
26914
26906
26899
26893
26887
26881
26875
26876
26870
26869
26862
26856
26850
26844
26837
26830
26824
26817
26810
26803
26797
26790
25602
26784
25601
26783
26776
26770
26763
25599
25598
26756
26749
26743
26736
25596
25595
26729
26722
26716
26709
26702
26695
26689
26683
26677
26671
26672
26666
26665
26660
26659
26652
26646
26640
26634
26627
26620
25589
25588
26615
26614
26607
25587
26608
26601
26594
26588
25585
25586
26600
26593
26587
26580
25584
25583
26573
26566
26560
26553
25581
25580
26546
26539
26533
26526
25578
25577
26519
26512
26506
26499
25575
25574
26492
26485
26479
26473
26467
26461
25573
26480
26474
26468
26462
26456
26455
26449
26450
26443
25572
26442
26436
26437
26431
26425
26430
26424
26417
26410
26404
26397
26390
26383
26377
26378
25567
26384
26385
26392
27681
26399
26398
26391
25568
25569
26405
25570
25571
26418
26411
26412
26419
27682
27683
27684
26444
27685
27686
27687
27688
27689
27690
26487
26486
26493
26494
27691
26501
26500
26507
25576
26513
26514
26521
26520
26527
26534
25579
26528
27692
26541
26540
26547
26548
27693
26555
26554
26561
25582
26567
26568
26575
26574
26581
26582
27694
26595
26602
26609
27695
26622
26621
26628
26635
26641
26647
25590
26653
26629
27696
27697
27698
26654
27699
27700
27701
27702
27703
27704
26678
26684
26690
25591
25592
25593
26703
26696
26697
26704
27705
26711
26710
26717
25594
26723
26724
26731
26730
26737
26744
25597
26738
27706
26751
26750
26757
26758
27707
26765
26764
26771
25600
26777
26778
26785
27708
26792
26791
26798
25603
25604
25605
26818
26811
26804
26805
26812
26819
27709
26832
27710
27711
27712
26839
26838
26831
26825
25606
25607
26845
26851
26857
25608
26863
26864
27713
27714
27715
27716
27718
27717
26882
26888
26894
26900
25610
25612
26915
26907
26908
26916
26924
27719
26939
26947
26955
27720
26970
26978
27721
26986
26985
26993
25622
27000
27001
27009
27008
27016
27017
27722
27035
25628
25629
27034
27042
27033
27025
27032
27041
27040
27047
27055
27063
27073
27082
27091
27100
27109
27118
27127
27136
27146
27156
27165
27174
27184
27193
25638
27202
27211
27220
27230
27240
27250
27259
27267
27273
27279
27285
27290
27297
25654
27298
27299
27306
27305
27304
27315
27316
27326
27325
27314
27324
27332
27337
27343
27349
27355
27360
27366
27374
27382
27391
27401
27411
25665
27412
27402
27392
27403
27404
27394
27393
27375
27376
27383
27384
27377
25660
27367
27361
27356
27350
27344
27338
27333
27327
25656
27317
25655
27307
27300
25651
25650
27286
27280
27274
27268
27260
25645
25647
25646
25644
27251
27241
27231
27221
27212
27203
27194
27185
27175
27166
27157
27147
27137
27128
27119
27110
27101
27092
27083
27074
27064
27065
27056
25630
27048
27049
27057
25631
27066
27058
27723
27067
27077
27076
27075
27084
27093
27102
27094
27085
27086
27724
27725
27726
27095
27104
27103
25632
27112
27113
27122
27727
27728
27131
27140
27729
27730
25633
27731
27732
27733
27734
27197
27188
27179
27169
27178
25636
27187
27177
27168
27159
27150
27149
27139
27130
27121
27111
27120
27129
27138
27148
27158
27167
27176
27186
27195
25639
27196
27204
27213
27223
27222
27232
27233
27234
25641
27224
25640
27214
27205
27206
27735
27736
27737
27738
27244
27243
25642
27242
25643
27252
27253
27261
27269
27275
27739
27740
27281
25649
27291
25652
27308
27318
27741
27742
27743
27328
27334
27339
27744
27745
27746
27345
27351
27357
27747
27748
27362
27368
27749
27750
27378
27751
27385
25661
27395
27752
27753
25662
27405
27414
27423
27433
27422
25664
25663
27413
27421
27420
27430
27440
27449
27448
27439
27429
27428
27438
27447
25669
27456
25672
27457
27465
27474
27482
27490
27498
27506
25677
25678
27514
27521
27528
27535
27542
27549
25683
27550
27543
27536
27529
27522
27515
27507
27499
27491
27492
27500
27508
27516
27523
27530
27537
27544
27551
27545
27538
27531
27524
27517
27509
27501
27493
27484
27476
27468
27467
27475
27483
25674
25673
27466
27458
25670
25668
27441
27431
27432
25667
27442
27451
27450
27459
27460
27469
27477
27485
27754
27755
27756
27757
27758
27759
27760
27761
27762
27552
27561
27568
27763
27764
27765
27766
27601
27593
27584
27578
25686
27567
27560
27559
27566
27565
25685
27558
27574
27575
27581
27582
27576
27577
27583
25687
27592
27591
27590
27599
25688
27600
27604
27608
27612
27613
27609
27605
27767
27768
27769
27770
27771
27772
27624
27621
27617
27616
27620
27623
27626
27627
27773
27774
27775
27633
27630
27629
27632
17726
17727
17728
17729
17730
17731
17732
17733
17734
17735
17824
17736
17737
25207
23559
25205
23558
25203
23557
25194
25191
25183
25178
25172
25166
25160
25195
25196
23733
25184
23730
23729
23728
23727
23726
23725
25140
25131
25122
25115
25121
25130
25139
25154
25148
25138
25129
25120
25114
25108
25100
25091
25081
25072
25064
25056
25047
25038
23556
25029
25019
23555
25010
23554
25000
23553
25001
25011
25020
25030
25039
25048
25065
25073
25082
25109
23719
25101
23717
25092
25083
25074
25066
25057
23713
25049
25040
25031
25021
25012
23709
24983
24973
24963
24954
24946
24937
24928
24936
24945
24953
24962
24972
24982
24992
24991
24981
24971
24961
24952
23552
24944
24935
23551
24927
24920
23550
24921
24914
23700
24908
24901
24907
23549
24900
23548
24891
24892
24893
24887
23698
24883
24876
24877
23697
24878
24869
24868
24867
24863
23547
24859
23546
24855
23545
24845
24846
24847
24840
24839
24838
24834
23544
24830
23543
24826
23542
24822
23541
24817
24818
24812
24807
24813
23690
24808
23688
24803
23686
24797
24796
24802
24795
24786
24787
24788
24782
24781
24780
23540
24775
24776
24770
24769
23539
24763
23538
24764
24758
24757
23537
24751
23536
24752
24746
24745
23535
24739
23534
24740
24735
24734
23533
24728
23532
24729
24723
24717
24722
23531
24716
23530
24706
24707
24708
23677
24702
24701
23529
24696
24692
23528
24688
23527
24679
24680
24681
24675
23526
24672
23525
24669
23524
24666
23523
24662
23522
24659
23521
24656
23520
24653
23519
24649
23518
24646
23517
24643
23516
24640
23515
24636
23514
24633
23513
24630
23512
24627
23511
24623
23510
24619
23509
24615
23508
24611
23507
24607
23506
24603
23505
24600
23504
24596
23503
24592
23502
24588
23501
24585
23500
24582
23499
24578
23498
24575
23497
24572
23496
24569
23495
24565
23494
24562
23493
24559
23492
24556
23491
24552
23490
24549
23489
24546
23488
24543
23487
24539
23486
24536
23485
24533
23484
24530
23483
24526
23482
24523
23481
24520
23480
24517
23479
24513
23478
24509
23477
24505
23476
24501
23475
24497
23474
24493
23473
24490
23472
24486
23471
24482
23470
24478
23469
24475
23468
24472
23467
24468
23466
24465
23465
24462
23464
24459
23463
24455
23462
24452
23461
24449
23460
24446
23459
24442
23458
24439
23457
24436
23456
24433
23455
24429
23454
24426
23453
24423
23452
24420
23451
24416
23450
24413
23449
24410
23448
24407
23447
24403
23446
24399
23445
24395
23444
24391
23443
24387
23442
24383
23441
24380
23440
24376
23439
24372
23438
24368
23437
24365
23436
24362
23435
24358
23434
24355
23433
24352
23432
24349
23431
24345
23430
24342
23429
24339
23428
24336
23427
24332
23426
24329
23425
24326
23424
24323
23423
24319
23422
24316
23421
24313
23420
24310
23419
24301
24302
24303
23609
24296
24287
24278
24270
23418
24260
23417
24251
24240
23416
24229
23415
24218
23414
24208
23413
24197
23412
24186
23411
24175
23410
24165
23409
24155
23408
24145
24136
24127
24118
23407
24109
23406
24100
24090
24083
23405
24074
24066
24057
24048
24039
24029
23404
24020
24030
24040
24049
24058
24067
24075
24084
24091
24101
24110
24119
24128
24137
24146
24156
24166
24176
24187
24198
24209
24219
24230
24241
24252
24261
24271
23608
24279
23606
24272
24262
24253
24242
24231
24220
24210
24199
24188
24177
24167
24157
24147
24138
24129
24120
24111
24102
24092
24085
24076
24068
24059
24050
24041
24031
24014
24021
24013
24012
24004
23403
23995
24005
23996
23989
23988
23978
23969
23958
23947
23937
23938
23948
23959
23970
23979
23980
23971
23960
23949
23939
23931
23922
23923
23915
23908
23576
23902
23895
23888
23881
23874
23867
23858
23859
23851
23850
23843
23836
23829
23822
23815
23808
23567
23802
23566
23796
23795
23788
23564
23789
23783
23776
23766
23765
23760
23755
23746
23747
23737
23736
17520
17347
17519
17518
17517
17516
17515
17514
17513
17512
17346
17511
