1387
1739
1730
1720
1716
1712
17454
17455
17325
17327
17456
17457
17458
17459
17460
17461
17462
17463
3611
3612
1715
1714
1719
3613
3614
1558
1738
1748
1747
1756
1766
1771
1782
1560
1772
1767
1757
1758
1768
3615
3616
1773
1783
3617
3618
3619
3620
3621
3622
3623
1842
1847
1841
1567
1831
1832
1822
1812
1802
1797
1787
1786
1562
1796
1801
1811
1821
1830
1566
1820
1565
1810
1564
1800
1809
1819
1829
1828
1818
1808
1807
1817
1827
1837
1838
1839
1840
1845
1850
1855
1861
1868
1875
1882
1889
1895
1902
1578
1915
1921
1914
1908
1901
1894
1900
1893
1577
1887
1888
1881
1874
1866
1867
1576
1574
1860
1854
1849
1844
1835
1825
1815
1805
1798
1563
1789
1788
1803
1804
1814
1824
1813
1823
1833
1834
1568
1843
1570
1848
1572
1853
1858
1859
1575
1865
1873
1880
1872
1389
1879
1390
1886
1391
1899
1906
1907
1913
1392
1912
1919
1929
1940
1951
1962
1972
1982
1992
2002
2010
2019
2028
2037
2046
2054
2061
1393
2071
2072
2073
2080
2090
2091
1594
2101
2108
2127
2138
2137
2126
2116
2107
2100
2089
2079
2078
2088
2099
1394
2106
2115
2125
2136
2145
2146
2156
2163
1395
2155
1396
2162
1397
2170
1398
2178
1399
2186
1400
2193
1401
2201
1402
2209
2217
1403
2227
1404
2237
1405
2243
1406
2253
1407
2263
2273
1408
2279
1409
2288
1410
2298
1411
2308
1412
2312
1413
2322
1414
2332
1415
2342
1416
2346
1417
2356
1418
2366
1419
2376
1420
2380
1421
2390
1422
2400
1423
2410
1424
2414
1425
2424
1426
2434
1427
2438
1428
2442
1429
2446
1430
2456
1431
2460
1432
2464
1433
2468
1434
2472
1435
2476
1436
2480
1437
2490
1621
1622
1438
2500
1439
2510
1440
2514
1441
2524
1624
1625
1442
2534
1443
2544
1444
2548
1445
2558
1627
1628
1446
2568
1447
2578
1448
2582
1449
2592
1630
1631
1450
2602
1451
2612
2613
1632
1452
2616
1453
2626
1633
1634
1454
2636
1455
2646
1456
2650
1457
2660
1458
2670
1459
2674
1460
2678
1461
2682
1462
2692
1463
2696
1464
2700
1465
2704
1466
2708
1467
2712
2713
1638
1468
2716
1469
2726
1639
1640
1470
2736
1471
2746
1472
2750
1473
2760
1642
1643
1474
2770
1475
2780
1476
2784
1477
2794
1645
1646
1478
2804
1479
2814
1480
2818
1481
2828
1648
1649
1482
2838
1483
2848
1484
2852
1485
2862
2883
1653
1654
2897
2908
2922
2921
2919
2916
2912
2920
2930
2934
2938
2942
2946
2950
2954
2964
2965
2955
2956
2957
2958
2968
2978
2969
2959
2960
2970
2979
2980
2985
3691
2981
2971
2961
2951
2947
2943
2939
2935
3690
3689
3688
3687
3686
3685
2931
2923
2924
2925
2926
2927
2917
2913
3684
3683
3682
2909
2905
2895
2894
2904
2903
2893
2892
2902
2901
2900
2899
2898
2884
2873
2863
1651
1652
1486
2872
1487
2882
1488
2886
1489
2896
1490
2906
1491
2910
1492
2914
1493
2918
1494
2928
1495
2932
1496
2936
1497
2940
1498
2944
1499
2948
1500
2952
1501
2962
1657
1658
1502
2972
1503
2982
2983
1659
1504
2986
1505
2996
1660
1661
1506
3006
1507
3016
3017
1662
1508
3020
1509
3030
1510
3040
1511
3050
1666
1667
3085
3089
3093
3097
3101
1669
1670
3125
3130
3135
1671
3141
3142
3143
3144
3145
3146
3147
3137
3132
3127
3121
3122
3128
3133
3138
3148
3700
3699
3698
3123
3113
3112
3111
3110
3120
3119
3109
3108
3118
3117
3107
3086
3075
3065
3055
3066
3076
3067
3077
3078
3068
3056
3057
3058
3059
3046
3045
3035
3025
3024
3034
3044
3043
3033
3023
3008
2998
2988
2987
2997
3007
3018
3021
3031
1663
1664
3032
3022
3042
3041
3052
3051
1665
1512
3054
1513
3064
1514
3074
1515
3084
1516
3088
1517
3092
1518
3096
1519
3100
1520
3104
1521
3114
1522
3124
1523
3129
1524
3134
1525
3139
1526
3149
1527
3153
1528
3157
1529
3161
3165
3196
3204
3214
3205
3215
3216
3232
3231
3230
1679
3229
3224
3228
1678
3223
3213
3203
3200
3195
3191
3186
3181
3170
3169
1530
3180
1531
3185
1532
3190
1533
3194
3199
3202
3212
1534
3222
1535
3227
3237
3241
1536
3251
3256
3257
1681
3248
3247
3246
3245
3244
3243
3238
3242
3252
3258
3265
3275
3266
3276
3278
3268
3267
3277
3291
3290
3289
3283
3288
3298
3287
3282
3274
3264
3263
3273
3272
3262
3261
3271
1537
3281
3286
1538
3295
1539
3300
3305
3301
3296
3297
3303
3302
3307
3306
1683
3315
1540
3320
1541
3326
1542
3332
1684
3333
3327
3321
3316
3322
3328
3334
3340
3335
3329
3323
3317
3308
3309
3310
3311
3312
3313
3314
3318
3324
3319
3325
3331
3337
3330
3336
3341
3347
1686
3346
3351
3358
1687
3364
3365
3366
3367
3359
3353
3354
3728
3361
3370
3729
3730
3731
3393
1688
3384
3377
3369
3368
3376
3383
3400
3401
3402
3732
3733
3734
3426
3434
1693
3444
1694
3454
3735
3736
3737
3463
3462
3453
3443
3433
1692
3425
3418
3409
3408
1690
3417
3424
3432
3442
3452
3459
3470
3496
3495
3485
3475
3466
3486
3476
3467
3457
1695
3448
3447
3437
3429
3430
3438
3458
3468
3477
3487
3497
1699
3506
3515
3524
3532
3514
3505
3513
3523
3522
3531
3540
3541
1703
3549
1704
3564
3559
3554
3548
3539
3538
3530
3521
3512
3504
3494
3484
3474
3465
3456
3446
3436
3428
3420
3411
3404
3395
3386
3379
3372
3363
3356
3357
3350
1685
3345
3339
3338
3344
1543
3343
3349
1544
3355
3362
1545
3371
1546
3378
3385
3394
3403
3410
1547
3419
3427
3435
3445
3455
3464
3473
3483
1548
3493
3503
1549
3511
1550
3520
3529
3537
3547
3553
1551
3558
1552
3563
3568
3576
3580
3590
3592
3594
1553
3596
1710
1709
3581
3582
3577
1706
3569
3570
3571
3572
3573
3584
3583
1708
3585
3586
3587
3588
3591
3593
3595
3597
3607
3606
3605
3604
3603
3602
3601
3600
3599
3598
1554
3609
1555
3610
17658
17659
17815
17660
17661
17662
17663
17664
17665
17666
17667
17668
17669
17670
17671
3756
1711
3608
3755
3754
3753
3752
3751
3589
1707
3579
3578
3574
3575
3750
3749
3567
3748
3562
3561
3566
1705
3565
3560
3555
3556
3557
3747
3746
3552
3551
3545
1702
3535
3534
3544
3550
3543
3542
1701
3533
3525
3516
3507
3508
3517
3526
3518
3509
3519
3528
3527
3536
3546
3745
3744
3743
3742
3741
3510
3501
3500
3490
3491
3480
3481
3482
3492
3502
3740
3739
3738
3472
3471
1696
3461
3460
1697
3479
1698
3489
3499
1700
3498
3488
3478
3469
3450
3451
3441
3431
3440
3449
3439
1691
3413
3421
3412
3405
1689
3396
3387
3380
3373
3374
3381
3388
3389
3397
3398
3390
3391
3406
3414
3415
3422
3423
3416
3407
3399
3392
3382
3375
3360
3352
3348
3342
3727
3726
3725
3724
3723
3722
3721
3720
3304
3299
3292
3284
3293
3294
3719
3718
3285
3717
3716
3270
3280
3279
3269
3259
1682
3254
3253
3249
3239
3233
3234
3235
3240
1680
3250
3255
3260
3715
3714
3713
3712
3236
3711
3710
3709
1675
3198
3708
1673
3189
3707
3706
3179
3705
3703
3704
3164
3160
3156
3702
3701
3152
3151
3155
3159
3163
3168
3167
3177
3176
3175
3174
3173
3172
3178
3184
3183
3188
3193
3197
3201
1676
3210
3211
1677
3221
3226
3225
3220
3219
3209
3208
3218
3217
3207
3206
1674
3192
3187
3182
3171
3166
1672
3162
3158
3154
3150
3140
3136
3131
3126
3116
3106
3115
3105
3102
3098
3094
3090
1668
3103
3099
3095
3697
3696
3091
3087
3695
3694
3083
3082
3081
3080
3079
3069
3070
3071
3072
3073
3063
3062
3061
3060
3047
3037
3036
3026
3027
3028
3038
3048
3053
3693
3049
3039
3029
3019
3692
3015
3014
3013
3003
3004
3005
2995
2994
2993
2992
3002
3012
3011
3001
2991
2977
2967
2966
2976
2990
3000
3010
3009
2999
2989
2975
2974
2984
2973
2963
2953
1656
2949
2945
2941
2937
2933
2929
1655
2915
2911
2907
2887
2888
2889
2890
2891
2878
2868
2858
2859
2869
2879
2880
2870
2881
2885
3681
2871
2861
2860
2857
2867
2877
2876
2866
2856
2855
2865
2875
2874
2864
2853
2854
2841
2842
2832
2822
2823
2833
2843
2844
2834
2824
2825
2835
2845
2846
2851
3680
2847
2837
2836
2826
2827
2817
3679
2813
2812
2811
2810
2821
2831
2830
2840
2850
1650
2849
2839
2829
2820
2819
1647
2815
2816
2805
2795
2785
1644
2781
2782
2772
2762
2752
2771
2761
2751
2748
1641
2747
2753
2754
2755
2765
2775
2774
2764
2763
2773
2786
2796
2806
2807
2799
2809
2808
2798
2797
2787
2788
2789
2790
2800
2801
2791
2792
2802
2803
2793
2783
3678
2779
2769
2778
2768
2759
3677
2735
2725
2724
2734
2744
2745
2749
2758
2757
2767
2777
2776
2766
2756
2742
2741
2740
2730
2720
2731
2721
2722
2732
2743
2733
2723
2715
2711
2707
2703
2699
3676
3675
3674
3673
3672
3671
2695
2691
2690
2689
2688
2687
2665
2655
2656
2666
2667
2668
2673
2677
2681
3670
3669
3668
2669
2659
2658
2657
2649
3667
2645
2635
2625
2615
3666
2611
2601
2591
2581
3665
2577
2576
2567
2557
2547
3664
2543
2533
2542
2532
2522
2523
2513
3663
2509
2499
2489
2479
2478
2474
2486
2485
2484
2494
2495
2496
2506
2507
2497
2487
2488
2498
2508
2505
2519
2520
2521
2531
2530
2529
2516
2526
2536
2537
2527
2517
2518
2528
2538
2539
2540
2541
2552
2553
2563
2573
2574
2564
2554
2555
2556
2566
2565
2575
2590
2600
2610
2608
2598
2588
2589
2599
2609
2624
2634
2644
2623
2622
2632
2633
2643
2642
2641
2631
2621
2620
2630
2640
2654
2664
2686
2702
2698
2694
2693
2697
2701
2705
2709
2714
2717
2727
2737
2718
2728
2738
2739
2729
2719
2710
2706
2685
2684
2683
2680
1637
2679
2675
2676
2671
2672
2662
2663
2653
2652
2661
1636
1635
2647
2651
2648
2637
2627
2617
2614
2603
2593
2583
2584
2594
2604
2618
2628
2638
2639
2629
2619
2605
2595
2585
2586
2596
2606
2607
2597
2587
2572
2562
2571
2561
2551
2550
2560
2570
2580
1629
2579
2569
2559
2549
1626
2545
2546
2535
2525
2515
1623
2511
2512
2503
2504
2493
2483
2482
2492
2502
2501
2491
2481
1620
2477
2473
2469
2470
2466
2465
2461
2462
2458
2457
1619
2443
2439
2435
1618
1617
2411
1616
1615
1614
2377
1613
1612
1611
2343
1610
1609
1608
2309
1607
1606
2299
2289
2280
1605
2274
2275
2264
1603
1602
1601
2238
2228
2218
2210
2202
2194
2187
2179
2180
2172
2171
2164
2157
2147
2165
2173
2181
2188
2195
2203
2211
2219
2212
2220
1600
2229
2239
2244
2254
2245
2255
2265
2276
2281
2290
2300
2301
2291
2282
2283
2292
2302
2316
2315
2325
2326
2336
2335
2334
2324
2314
2310
2313
2323
2333
2344
2347
2357
2367
2378
2381
2391
2401
2412
2415
2425
2436
2440
2444
2447
2448
2449
2450
2451
2452
2453
2454
2459
2463
2467
2471
2475
3662
3661
3660
3659
3658
3657
2455
2445
3656
2441
3655
3654
2437
2433
2432
2423
3653
2409
2399
2389
2379
3652
2375
2365
2364
2374
2388
2398
2408
2413
2422
2421
2407
2397
2387
2373
2372
2371
2386
2396
2406
2420
2431
2430
2429
2419
2405
2395
2385
2384
2383
2393
2394
2404
2403
2418
2428
2427
2417
2426
2416
2402
2392
2382
2368
2358
2348
2349
2359
2369
2370
2360
2350
2351
2361
2362
2352
2353
2363
2354
2355
2345
3651
2341
2331
2330
2340
2339
2338
2337
2327
2317
2318
2328
2329
2319
2320
2321
2311
3650
2307
2297
2296
2306
2295
2305
2304
2303
2293
2294
2285
2284
2268
2258
2269
2277
2286
2287
2278
3649
2272
2271
2270
2259
2249
2248
2247
2257
2267
1604
2266
2256
2246
2240
2230
2221
2213
2204
2196
2189
2205
2197
2190
2182
2174
2166
2158
2148
2139
2140
2149
2159
2150
2141
2130
2119
2118
2129
2128
2117
1595
2109
2110
2120
2131
2142
2151
2132
2121
2111
2102
2094
2084
2083
2093
2092
2082
2081
2074
2064
2065
2066
2067
2068
2069
2059
2070
1593
2076
2075
2085
2095
2086
2087
2096
2103
2112
2122
2133
1596
2153
2152
1597
2160
2168
2167
2175
2183
1598
2198
2206
2224
2223
2222
2231
2232
2233
2241
2250
2260
2261
2262
2252
2251
2242
3648
2236
2226
2235
2234
2225
2214
2215
2207
2199
2208
2216
1599
3647
3646
3645
3644
2200
2192
2191
2184
2176
2177
2185
3643
3642
3641
2169
2161
2154
2144
2143
2134
2135
2124
2114
2123
2113
2104
2097
2105
3640
2098
2077
3639
2060
2053
2052
2045
2036
2027
2018
3638
3637
3636
3635
3634
3633
1961
1950
1949
1960
1971
1580
1981
1581
1991
2001
2009
1585
2017
2008
2000
1582
1990
1980
1970
1959
1948
1937
1938
1939
3632
3631
1911
1918
1928
1927
1917
1926
1936
1947
1958
1969
1979
1989
1999
2007
1584
2016
2026
1587
2034
2035
2044
2043
2051
2058
1592
2050
2042
2041
1590
1591
1589
1588
2032
1586
2024
2033
2025
2015
1583
1998
1997
1984
1994
2004
2012
2021
2030
2039
2048
2038
2047
2055
2062
2063
2057
2056
2049
2040
2031
2022
2013
2005
1995
1985
1975
1965
1964
1953
1942
1931
1920
1930
1941
1952
1963
1973
1974
1983
1993
2003
2011
2020
2029
2023
2014
2006
1996
1986
1976
1966
1954
1943
1955
1944
1932
1933
1922
1923
1924
1934
1945
1956
1967
1977
1987
1988
1978
1968
1957
1946
1935
1925
1916
1909
1910
1579
1904
1903
1896
1890
1883
1876
1869
1862
1878
1871
1864
3624
3625
3626
3627
3628
1885
1892
3629
3630
1905
1898
1897
1891
1884
1877
1870
1863
1856
1857
1852
1851
1846
1569
1571
1573
1836
1826
1816
1806
1799
1790
1791
1792
1793
1794
1795
1781
1780
1779
1778
1777
1761
1751
1742
1752
1762
1763
1753
1744
1735
1736
1745
1754
1764
1765
1755
1746
1737
1727
1728
1729
1718
1726
1725
1724
1734
1743
1733
1723
1557
1556
1713
1717
1721
1731
1740
1722
1732
1741
1750
1760
1770
1776
1785
1784
1561
1775
1774
1769
1559
1759
1749
1388
