5826
6247
5827
6255
6248
6256
6013
6263
6271
6270
6280
6281
6291
6290
6300
6301
6018
6310
6318
6317
5828
6327
5829
6334
6328
6335
6020
6341
5830
6347
6348
6355
6364
6354
5831
6363
6370
6376
6377
6388
6387
6396
6397
6408
6407
6417
6424
6434
6435
6444
6454
6443
6453
6462
6463
6473
6472
6481
6482
6490
6498
6489
6497
6505
5832
6514
6506
6515
6523
6522
6533
6534
6545
6544
5833
6549
6550
6554
6555
6566
6565
6575
6576
6585
6584
5834
6594
6595
6600
5835
6599
5836
6605
5837
6611
6606
6612
6618
5838
6617
5839
6622
5840
6628
6623
6629
6635
5841
6634
6640
6641
6652
5842
6651
6657
6658
6668
5843
6667
5844
6677
5845
6687
6678
6688
6698
5846
6697
5847
6701
5848
6705
6702
6706
6710
5849
6709
5850
6713
5851
6717
6714
6718
6722
5852
6721
5853
6725
5854
6729
6726
6730
6734
5855
6733
5856
6737
5857
6741
6738
6742
6746
5858
6745
5859
6749
5860
6753
6750
6754
6758
5861
6757
5862
6761
5863
6765
6762
6766
6770
5864
6769
5865
6773
5866
6777
6774
6778
6782
5867
6781
5868
6785
5869
6789
6786
6790
6794
5870
6793
5871
6797
5872
6801
6798
6802
6806
5873
6805
5874
6809
5875
6813
6810
6814
6818
5876
6817
5877
6821
5878
6825
6822
6826
6830
5879
6829
5880
6833
5881
6837
6834
6838
6842
5882
6841
5883
6845
5884
6849
6846
6850
6854
5885
6853
5886
6857
5887
6861
6858
6862
6866
5888
6865
5889
6869
5890
6873
6870
6874
6878
5891
6877
5892
6881
5893
6885
6882
6886
6890
5894
6889
5895
6893
5896
6897
6894
6898
6902
5897
6901
5898
6905
5899
6909
6906
6910
6914
5900
6913
5901
6917
5902
6921
6918
6922
6926
5903
6925
5904
6929
5905
6933
6930
6934
6938
5906
6937
5907
6941
5908
6945
6942
6946
6950
5909
6949
5910
6953
5911
6957
6954
6958
6962
5912
6961
5913
6965
5914
6969
6966
6970
6974
5915
6973
5916
6977
5917
6981
6978
6982
6986
5918
6985
5919
6989
5920
6993
6990
6994
6998
5921
6997
5922
7001
5923
7005
7002
7006
7010
5924
7009
5925
7013
5926
7017
7014
7018
7022
5927
7021
5928
7025
5929
7029
7026
7030
7034
5930
7033
5931
7037
5932
7041
7038
7042
7046
5933
7045
5934
7049
5935
7053
7050
7054
7058
5936
7057
5937
7061
5938
7065
7062
7066
7070
5939
7069
5940
7073
5941
7077
7074
7078
7082
5942
7081
5943
7085
5944
7089
7086
7090
7094
5945
7093
5946
7097
5947
7101
7098
7102
7106
5948
7105
5949
7109
5950
7113
7110
7114
7118
5951
7117
5952
7121
5953
7125
5954
7129
5955
7133
7122
7126
7130
7134
6110
6111
5956
7137
5957
7147
5958
7157
5959
7160
5960
7163
5961
7166
5962
7169
5963
7172
5964
7175
5965
7178
5966
7180
5967
7182
5968
7184
7187
7186
5969
7197
5970
7199
5971
7201
5972
7203
5973
7205
5974
7208
5975
7211
5976
7214
5977
7217
7221
7220
5978
7229
5979
7232
7236
7246
7256
7266
7276
7235
7245
7255
7265
7275
7285
7286
7296
7295
7299
7300
7304
6126
7303
7312
5980
7317
5981
7323
7318
7324
6128
7329
7335
5982
7334
5983
7340
7341
7347
5984
7346
7352
5985
7360
7353
7361
7371
7370
7380
7381
7390
7389
7399
7400
7407
7406
7413
7414
7420
5986
7419
7429
7430
7437
7436
7446
7447
7457
7456
7466
7467
7472
7471
7476
7477
7482
7481
7486
7487
7492
7491
7496
5987
7501
5988
7506
5989
7511
5990
7516
5991
7521
5992
7526
5993
7531
5994
7536
5995
7541
5996
7546
5997
7551
5998
7556
5999
7561
6000
7566
6001
7571
17636
17804
17635
17634
17633
17632
17631
17630
17629
17628
17627
17626
17625
17624
9711
9708
9852
9851
9850
9849
9705
9702
9699
8063
8062
9696
9688
9689
9690
9691
9692
9693
9682
9679
9683
9848
8061
8060
9676
9673
9669
9666
9670
8059
9847
8058
9663
8057
8056
9660
9657
9654
9651
9648
9645
9642
9639
9636
9846
9845
9844
9843
9842
9841
9840
9839
9838
9837
9626
9633
9630
9625
9624
8053
8054
8052
9611
9612
9603
9604
8049
9613
9619
9620
8051
9615
9614
9605
9597
9598
9606
9836
9835
9834
9590
9581
9572
9571
9580
8047
8046
9570
9569
9579
9589
9596
9595
9588
9578
9587
8048
9586
9577
9566
9558
9550
8044
9542
9533
9524
9515
9507
9498
9488
9478
9469
9459
9460
9450
9449
9439
9440
9430
9429
9419
9409
9399
9400
9410
9420
9421
9431
9441
9451
9461
8040
9470
9471
9472
9481
9480
9491
9500
9490
9479
9489
9499
9508
9509
9517
9526
9516
9525
9534
9543
9551
9559
9567
9568
9560
9552
9544
9535
9536
9545
9553
9561
9562
9833
9832
9554
9546
9831
9830
9829
9828
9827
9826
9825
9824
9823
9822
9821
9820
9819
9818
9817
9816
9815
8031
8032
9394
8033
9404
8034
9414
8035
9424
8036
9434
9444
9454
9464
9474
9483
8042
9493
9502
9511
9519
9528
9537
9527
9518
9510
9501
9492
9482
9473
9463
9462
8039
9452
8038
9453
9443
9442
8037
9433
9423
9432
9422
9411
9401
9390
9389
9382
9373
9374
9375
8030
9383
9391
9392
9402
9412
9413
9403
9393
9384
9377
9376
9366
8028
9367
8029
9368
9814
9813
9358
8027
9348
9339
9330
9323
9812
9313
9308
9303
8015
9296
9297
9811
9290
9280
9810
9809
9808
9807
9256
9262
9268
9274
9273
9267
9261
8012
9250
9244
9238
9239
9245
9251
9806
9805
9804
9233
9228
8011
8010
9222
9223
9803
9217
9212
9207
8007
9201
9202
9802
9196
9191
9186
8004
9180
9181
9801
9175
9170
9165
8001
9159
9160
9800
9154
9149
9144
7998
9138
9139
9799
9133
7997
7996
9128
9123
9118
9798
9797
9796
9795
9794
9793
9082
9088
9094
9100
9106
9112
7995
9117
9111
9105
9099
9093
9087
7994
9076
9077
9792
9791
9790
9059
9054
9049
9789
9043
7991
7990
9038
9033
7989
9027
9028
9788
9022
7988
7987
9017
9012
7986
9006
9007
9787
9001
8996
8991
7983
8985
8986
9786
8980
8975
8970
7980
8964
8965
9785
8959
8954
8949
8944
9784
9783
9782
9781
9780
9779
9778
9777
9776
8885
8880
7975
7974
8874
8875
9775
8869
8864
8859
7971
8853
8854
9774
8848
8843
8838
7968
8837
8842
7969
7970
8847
8852
8858
8863
7972
7973
8868
8873
8879
8884
8889
8890
8891
8897
8896
8895
8901
8907
7976
8902
8903
8908
8914
8920
8926
8932
8938
8937
8931
8925
8919
8913
8912
8918
8924
8930
8936
8942
8943
7977
8948
8953
7978
7979
8958
8963
8969
8974
7981
7982
8979
8984
8990
8995
7984
7985
9000
9005
9011
9016
9021
9026
9032
9037
9042
9047
9053
9048
7992
7993
9065
9071
9070
9064
9058
9063
9069
9075
9081
9086
9092
9098
9104
9110
9116
9122
9127
9132
9137
9143
9148
7999
8000
9153
9158
9164
9169
8002
8003
9174
9179
9185
9190
8005
8006
9195
9200
9206
9211
8008
8009
9216
9221
9227
9232
9237
9243
9249
9255
9260
9266
9272
9278
9279
9289
9288
9287
9286
9295
9302
9307
8017
8019
9322
8022
9312
8020
9321
9329
9338
8024
8026
9347
9357
9356
9365
9364
9363
9353
9344
9335
9336
9345
9354
9355
9346
8025
9337
8023
9328
9320
9319
9327
8021
9318
9311
9306
8014
9294
9284
9285
9277
9271
9265
9259
9254
9248
9242
9236
9231
9226
9220
9215
9210
9205
9199
9194
9189
9184
9178
9173
9168
9163
9157
9152
9147
9142
9136
9131
9126
9121
9115
9109
9103
9097
9091
9085
9080
9074
9068
9062
9057
9052
9046
9041
9036
9031
9025
9020
9015
9010
9004
8999
8994
8989
8983
8978
8973
8968
8962
8957
8952
8947
8941
8935
8929
8923
8917
8911
8906
8900
8894
8888
8883
8878
8872
8867
8862
8857
8851
8846
8841
8836
8830
8825
8820
8815
8809
8804
8799
8794
8788
8783
8778
8773
8767
8761
8755
8768
8774
8779
8784
8789
8790
7962
8795
8800
7963
7964
8805
8810
8816
8821
7966
7967
8826
8831
8832
8833
9773
8827
8822
8817
7965
8811
8812
9772
8806
8801
8796
8791
9771
8785
7961
7960
8780
8775
8770
8764
9770
9769
9768
9767
9766
9765
9764
9763
9762
8704
8698
7956
8703
8709
8716
8723
8730
7957
8724
8717
8710
8711
8718
8725
8731
8738
8745
8744
8751
8752
8758
8757
8763
8769
7959
8762
8756
8750
8743
8737
8736
8749
8742
8735
8729
8722
8715
8708
8702
8696
8689
8683
8677
8671
8664
8672
8678
8684
8690
8697
7955
8691
8692
9761
8685
7954
7953
8679
8673
9760
8667
8666
7952
8665
8659
7951
8660
8654
8648
8642
9759
8635
8629
8623
7947
7948
8628
8634
8640
8641
7949
7950
8647
8653
8658
8652
8646
8639
8633
8627
8621
8614
8608
8602
8596
8589
8581
8582
8583
8574
8575
8568
8559
8548
8547
8558
8567
8557
8556
8573
7939
8566
8555
8546
8536
8535
8527
8519
8511
8504
8496
8488
8480
8473
8464
8454
8444
8434
8423
8417
8409
8398
8399
8389
8400
8411
8410
8424
8435
8445
8455
8465
8466
8456
8446
8436
8425
8426
8427
8437
8447
8457
8467
8458
8468
7935
8475
8474
8481
8489
8497
8505
8512
8520
8528
8537
8538
8539
8529
8521
8513
8506
8498
7936
8499
8491
8490
8482
8483
8484
8492
8500
8507
8515
8514
8522
8530
8540
8549
8560
7938
7940
7942
7941
8584
8590
8597
8603
7944
7945
8609
8615
8622
7946
8616
8617
9758
8610
8604
8598
7943
8591
8592
9757
8585
8576
8569
8561
8550
9756
8541
8531
8523
9755
9754
9753
9752
9751
9750
8476
8469
8459
7934
9749
9748
8439
8449
8448
7933
8438
8428
8429
9747
8420
8419
8414
8415
8404
8393
8384
8383
8392
8403
8402
8413
8418
8412
8401
8390
8391
8382
8375
8376
8377
9746
9745
9744
8359
9743
9742
9741
7926
8323
9740
9739
8303
8302
8308
8314
8322
7925
8332
7927
8341
8342
8349
8348
7928
8358
8369
8368
8367
8366
8357
8356
8355
8365
8374
8381
7930
8380
8373
8364
8354
8346
8347
8338
8337
8328
8329
8318
7924
7923
8301
8306
8312
8319
8330
8339
8340
8331
8320
8321
8313
8307
7921
8292
8291
8290
8279
8278
8289
8297
8288
8277
8268
8262
7918
8269
8280
8281
8270
8282
8293
8298
9738
8294
8283
8272
8271
8263
8259
8252
8258
8250
8251
7916
8244
8239
8235
8230
8225
8224
8223
8222
8207
8208
8179
8180
8181
8182
8172
8167
8161
8155
8156
8162
7909
7911
8173
7912
8183
8189
8195
8194
8188
8187
8193
8199
8209
8215
8210
8200
8201
8212
8211
8216
8217
7914
8226
8231
8236
8240
8245
8253
8254
9737
9736
9735
9734
9733
9732
9731
9730
9729
9728
8202
8196
8190
9727
9726
9725
8184
8174
8169
8168
8163
8157
8158
8164
9724
9723
9722
9721
9720
8132
8131
8142
8152
8151
8141
8130
8140
8150
8149
8148
8147
8137
8138
8139
8129
8123
8117
8105
8094
8104
8103
8093
8083
8073
8074
8084
8075
8085
8095
8096
8086
8076
8066
17420
17421
17422
17313
17314
17423
17424
17425
17426
17427
17315
17430
17429
17428
9712
8068
8067
8077
8078
8088
8087
8097
8098
7901
8108
8114
8120
8119
8113
8112
8107
8106
8111
8118
8124
8125
8126
9719
9718
9717
9716
9715
9714
9713
6167
6162
6152
6163
6168
6003
6181
6180
6190
6191
6201
6200
6210
6005
6215
6007
6220
6225
6230
6231
6240
