13298
13658
13651
13423
13644
13422
13635
13645
13636
13626
13637
13638
13628
13618
13617
13627
13616
13615
13625
13634
13624
13614
13608
13602
13609
13610
13604
13418
13603
13417
13597
13598
13592
13415
13591
13416
13596
13590
13584
13579
13414
13585
13586
13580
13575
13570
13564
13558
13406
13409
13407
13405
13531
13530
13529
13404
13552
13551
13408
13557
13410
13563
13411
13569
13574
13413
13412
13568
13562
13556
13550
13545
13546
13542
13403
13539
13402
13536
13401
13528
13527
13526
17373
17374
17375
17376
17377
17294
17295
17378
17379
17380
17381
17382
17383
17384
17385
13532
13533
13534
13537
13540
13543
13548
13547
13553
13554
13560
13559
13565
13571
13576
13581
13587
13593
13599
13605
13620
13619
13629
13639
13640
13647
13648
13641
13631
13630
13621
13611
13566
13572
13577
13582
13588
13594
13600
13606
13612
13419
13622
13420
13632
13421
13642
13649
13656
13663
13670
13677
13683
13690
13689
13682
13676
13669
13662
13655
13654
13661
13668
13675
13681
13688
13699
13705
13698
13697
13696
13695
13687
13680
13674
13667
13660
13653
13646
13652
13424
13659
13666
13673
13679
13686
13694
13693
13710
13428
13735
13748
13749
13433
13757
13763
13770
13777
13784
13791
13801
13792
13802
13812
13822
13831
13840
13849
13858
13859
13860
13868
13447
13445
13853
13446
13861
13862
13854
13444
13845
13844
13843
13852
13851
13850
13841
13832
13842
13833
13823
13813
13803
13793
13785
13438
13778
13437
13771
13436
13764
13435
13758
13750
13743
13742
13430
13736
13725
13720
13711
13703
13704
13713
13712
13721
13726
13737
13751
13752
13753
13765
13772
13779
13780
13773
13766
13760
13759
13754
13744
13738
13730
13722
13729
13728
13727
13714
13715
13716
13706
13700
13701
13707
13717
13723
13731
13732
13429
13739
13746
13745
13755
13761
13767
13774
13781
13788
13787
13786
13439
13796
13797
13440
13806
13795
13794
13804
13814
13824
13834
13835
13836
13825
13815
13805
13816
13441
13826
13443
13442
13827
13817
13807
13798
13808
13818
13828
13837
13846
13855
13863
13870
13869
13878
13877
13876
13875
13874
13867
13866
13873
13882
13891
13900
13907
13917
13927
13918
13908
13892
13883
13884
13885
13886
13895
13896
13887
13888
13879
13880
13889
13450
13897
13903
13898
13904
13915
13925
13931
13938
13949
13958
13965
13964
13957
13948
13947
13936
13929
13937
13930
13924
13914
13902
13913
13923
13922
13921
13912
13911
13894
13893
13452
13901
13910
13909
13919
13920
13928
13935
13943
13942
13453
13951
13960
13967
13974
13981
13991
13999
14000
13992
13993
13994
14002
14010
13457
13458
14018
14027
13460
14026
14025
13459
14017
14009
14001
14008
14007
14015
14023
14016
14024
14033
14032
14041
14050
14058
14066
14073
14082
14092
14102
14109
14110
14120
14119
14130
14131
14132
14121
14111
14103
14093
14083
14094
14084
14074
14067
14068
14059
13464
14051
13462
13461
14034
14035
14036
14043
14042
13463
14052
14044
14045
14046
14037
14028
14019
14012
14004
14011
13455
14003
13996
13995
13986
13987
13978
13977
13985
13984
13983
13976
13969
13454
13982
13975
13968
13961
13952
13962
13953
13944
13945
13954
13955
13946
13956
13963
13970
13971
13972
13979
13988
13997
14005
14013
14020
14029
14038
14047
14055
14062
14063
14070
14061
14054
14053
13465
14060
14069
14075
14085
14095
14096
14086
14076
14077
14087
14097
14104
14112
14122
14113
14123
14124
14114
14115
14098
14088
14078
14079
14089
14099
14106
14105
14116
14126
14136
14135
14125
14134
14133
14141
14149
14150
14160
14159
14169
14170
14171
14161
14151
14152
14142
14143
14153
14163
14162
14172
14173
14179
14180
14190
14207
14214
14213
14206
14200
14199
14189
14188
14198
14197
14187
14186
14178
14168
14158
14148
14140
14129
14139
14147
14157
14167
14177
14185
14195
14194
14184
14193
14203
14210
14204
14196
14205
14212
14221
14222
14223
14224
14230
13467
14237
14236
14243
14244
14251
14250
14259
13470
13471
14274
14285
14295
14275
14267
14260
14261
14268
14276
14286
14296
14306
14314
14315
14325
14335
14345
14353
14354
14364
14374
14373
14372
14381
14400
14401
14402
14392
14391
14390
14382
14383
14384
14393
14403
14413
14423
14432
14431
14422
14412
14411
14410
14420
14421
14430
14429
14440
14439
14449
14450
14460
14468
14469
14461
14451
14441
14442
14452
14462
14470
14471
14481
14491
14499
14500
14509
14508
14519
14518
14517
14525
14533
14541
14550
14560
14551
14542
14552
14561
14562
14553
14544
14535
14543
14534
14526
14527
13473
14536
14545
14554
14563
14573
14583
13475
13476
13477
14610
14601
14592
14591
14581
14582
14572
14571
14570
14569
14580
14590
14600
14609
13478
14618
14627
14635
14636
14628
14619
14620
13479
13480
13481
14644
14643
14650
14658
14659
14651
14652
13483
13484
13485
14673
14666
14665
14672
14679
14680
14681
13487
13488
13489
14709
13491
13492
14708
13490
14699
14693
14687
14686
14692
14698
14697
14691
14685
14678
13486
14677
14670
14663
14671
14664
14657
14656
14649
14642
14648
13482
14641
14640
14632
14624
14614
14605
14596
14587
14577
14578
14588
14597
14606
14615
14625
14633
14634
14626
14616
14617
14608
14599
14607
14598
14589
14579
14568
14559
13474
14567
14558
14549
14540
14531
14523
14512
14522
14530
14539
14548
14557
14566
14576
14586
14595
14604
14613
14623
14631
14639
14647
14655
14662
14669
14676
14684
14690
14696
14703
14702
14712
14717
14728
14729
14730
14723
14718
14713
14704
14705
14706
14707
14714
14719
14724
13493
14735
14734
14733
14732
14731
14740
14739
14738
14737
14746
14747
14748
14749
14757
14756
14761
14766
14767
14768
14762
14769
14770
14771
14772
14753
14752
14751
14750
14741
14742
14743
14744
14754
14758
14763
14774
14773
14778
14782
14787
14792
14797
14802
14807
14817
14818
14828
14827
14837
14838
14842
14853
14852
14862
14863
14873
14872
14877
14888
14887
14897
14898
14908
14907
14912
14922
14923
14933
14932
14943
14942
14947
14957
14958
14968
14967
14977
14978
14982
14992
14993
15003
15007
15012
15022
15021
15020
15019
15018
15017
15011
15006
14998
14997
14986
14996
15005
14995
14985
14980
14970
14960
14950
14951
13367
14944
14949
14959
14969
13368
14979
14984
14994
13369
15004
13370
15009
15010
15016
15015
15014
13371
15024
15025
15029
13372
15028
13373
15033
15034
15039
13374
15038
13375
15043
13376
15048
13377
15053
15026
15030
15035
15040
15045
15050
15044
15049
15054
15058
15068
15078
15087
15097
15104
15114
15124
15134
15144
15154
15164
15174
15183
15192
15201
15211
15220
15230
15240
15241
13517
15249
15258
15257
13378
15267
13379
15275
13380
15290
13381
15298
13382
15306
15315
13383
15323
13384
15331
13385
15339
13386
15347
13387
15354
13388
15362
15370
15371
15379
15378
15388
15389
15399
15398
13389
15408
15415
15425
15435
13390
15445
15452
15462
15472
13391
15482
15489
15499
15500
15509
13392
15519
15526
15527
15520
15510
15511
15501
15502
15492
15491
15490
15483
15473
15463
15453
15446
15436
15426
15416
15409
15417
15418
15419
15420
15431
15441
15458
15457
15440
15430
15429
15439
15438
15428
15427
15437
15447
15456
15466
15476
15475
15465
15455
15454
15464
15474
15484
15493
15494
15495
15505
15506
15516
15515
15514
15504
15503
15513
15512
15521
15528
15538
15537
15536
15546
13393
15547
15557
15556
13394
15563
15564
15569
13395
15579
13396
15585
13397
15591
13398
15597
13399
15603
15604
15598
15592
15593
15587
15581
15586
15580
15570
15571
15548
15539
15529
15530
15531
15532
15542
15552
15551
15541
15540
15550
15549
15558
15565
15572
15573
15574
15575
15582
15588
15599
15605
17577
17578
17579
17580
17581
17787
17582
17583
17584
17585
15606
15607
15608
15602
15601
15600
15594
15583
15589
15595
15596
15590
15584
15578
15568
15561
15555
15545
15544
15554
15560
15567
15577
15576
15566
15559
15553
15543
15533
15522
15523
15534
15535
15524
15518
15517
15507
15508
15498
15497
15496
15485
15479
15478
15477
15467
15468
15469
15459
15448
15442
15432
15433
15443
15449
15460
15470
15480
15486
15487
15481
15471
15461
15450
15444
15434
15424
15413
15407
15412
15423
15422
15421
15411
15406
15396
15386
15397
15387
15376
15368
15360
15352
15345
15337
15329
15321
15313
15311
15312
15320
15319
15327
15328
15336
15344
13522
15351
15343
15335
15326
15318
15310
15302
15294
15286
15279
15271
13520
15296
15304
15303
15295
15287
15280
15262
15263
15264
15272
15288
15281
15273
15265
15254
15255
15247
15238
15228
15218
15199
15209
15217
13514
15227
13515
15237
15246
15253
15245
13516
15261
15252
15244
15234
15236
15235
15226
15216
15208
15198
15207
13513
15225
15215
15206
15196
15197
15188
13509
15180
15171
15181
15189
15190
15172
15162
15151
15152
15142
15141
13504
15140
15139
13503
15130
15120
15119
15118
15128
15129
15150
15161
15160
15170
15179
15178
15187
13508
15177
15169
15168
15167
15157
15158
15159
15149
15148
15138
15147
15137
15127
15117
15126
15136
15146
15156
15166
15176
15185
15194
15203
15204
15186
13510
15195
15205
13512
15214
15224
15223
15213
15222
15233
15243
15251
15260
15270
15278
15285
15277
15284
15293
15301
15292
15300
15308
15309
13521
15317
15325
15333
15341
15334
15342
15350
15349
15356
15357
15365
13523
15384
15374
15366
15358
15359
15367
15375
15385
15395
15405
15404
15394
15403
15402
15410
15400
15401
15391
15392
15393
15383
15382
15364
15373
15381
15390
15380
15372
15363
15355
15348
15340
15332
15324
15316
15307
15299
15291
15283
13519
15276
15268
15269
15259
15250
15242
15232
15231
15221
15212
15202
15193
15184
15175
15165
15155
15145
15135
15125
15115
15105
15116
15106
15098
15088
15079
15080
15069
15059
15060
15070
15061
15055
15062
15063
15064
15065
15075
15074
15073
15083
15082
15072
15071
15081
15091
15090
15089
13500
15107
15108
15099
15109
15110
15100
15092
15093
15084
15094
15101
15111
13501
15121
13502
15131
15132
15122
15112
15102
15095
15085
15076
15066
15056
15051
15046
15041
15036
15031
15027
15023
15002
15001
15000
14999
14988
14987
14981
14972
14971
14961
14962
14952
14963
14973
14989
14990
14991
14974
14964
14965
14975
14976
14966
14956
14955
14954
14953
14946
14937
14927
14917
14918
14928
14938
14929
14939
14940
14930
14941
14931
14921
14920
14919
14911
14903
14902
14892
14893
14883
14884
14894
14904
14905
14895
14906
14896
14886
14885
14869
14870
14860
14871
14861
14851
14850
14849
14859
14858
14829
13364
14839
14844
14854
14864
13365
14874
14879
14889
14899
13366
14909
14914
14924
14934
14935
14945
14936
14926
14916
14915
14925
14910
14901
14882
14876
14868
14867
14857
14846
14856
14866
14881
14891
14900
14890
14880
14875
14865
14855
14845
14840
14830
14820
14831
14821
14810
14811
14812
14822
14832
14847
14848
14841
14833
14834
14835
14836
14826
14816
14815
14825
14824
14823
14814
14813
14806
14801
14796
14791
14786
14781
14777
14776
14780
14785
14790
14795
14800
14805
14819
14809
14804
13363
14799
13362
14794
13361
14789
13360
14784
13359
14779
13358
14775
13357
14765
14760
13356
14755
13355
14745
14736
14726
14727
14722
14721
13354
14716
13353
14711
13352
14701
14695
13351
14689
13350
14683
13349
14675
14668
13348
14661
13347
14654
13346
14646
14638
13345
14630
13344
14622
13343
14612
14603
13342
14594
13341
14585
13340
14575
13339
14565
13338
14556
13337
14547
13336
14538
13335
14529
13334
14521
13333
14511
14503
14502
13332
14493
13331
14483
14494
14484
14474
14485
14495
14504
14513
14514
14532
14524
14515
14516
14506
14507
14498
14497
14489
14490
14480
14479
14478
14488
14505
14496
14487
14477
14486
14476
14467
14458
14459
14448
14438
14428
14437
14447
14457
14475
14466
14456
14446
14436
14427
14417
14407
14397
14398
14408
14418
14419
14409
14399
14389
14380
14370
14371
14360
14361
14362
14351
14363
14352
14344
14334
14324
14313
14305
14304
14303
14312
14323
14333
14343
14342
14332
14322
14331
14330
14340
14341
14350
14359
14369
14379
14388
14378
14368
14358
14349
14339
14329
14319
14320
14321
14311
14302
14293
14294
14284
14283
14282
14292
14291
14301
14310
14300
14290
14280
14272
14271
14279
14289
14299
14309
14318
14328
14338
14348
14357
14367
14377
14387
14396
14406
14416
14426
14435
14445
14455
14465
14473
14464
13330
14454
14444
14434
14425
13329
14415
14405
14395
14386
13328
14376
14366
14356
14347
13327
14337
14327
14317
14308
13326
14298
14288
14278
14270
13325
14263
14253
13324
14246
13323
14239
13322
14240
14247
13468
14254
14264
14265
14281
14273
14266
13469
14256
14255
14248
14249
14257
14258
14242
14235
14241
14234
14229
14220
14228
14219
14211
14218
14227
14233
14232
13321
14226
13320
14216
14217
14209
13319
14202
13318
14192
14182
14175
13317
14165
14183
14176
14166
14156
14146
14155
14145
14138
13316
14128
14118
14108
14101
13315
14091
14081
14072
14065
13314
14057
14049
14040
14031
14022
14014
14006
13998
13313
13990
13312
13980
13311
13973
13310
13966
13309
13959
13308
13950
13307
13940
13941
13934
13933
13306
13926
13305
13916
13906
13899
13890
13881
13872
13865
13857
13848
13839
13830
13820
13810
13821
13811
13800
13790
13783
13776
13769
13762
13756
13747
13741
13734
13304
13724
13303
13719
13302
13709
13702
13301
13692
13685
13300
13425
13672
13299
13665
