17338
17493
17492
17491
17490
17489
17488
17487
32280
30323
30322
30332
30333
30343
30342
30139
30352
30353
32281
32282
32283
30358
30357
30362
30363
30141
30373
32284
32285
30378
30383
30144
30145
30392
30397
30147
30148
30406
30149
30416
30150
30426
30151
30436
30443
30451
30460
30469
30478
30487
30496
30505
30514
30522
30531
30541
30549
30559
30568
30577
30166
30587
30597
30607
30617
30624
30625
30631
30630
30639
30640
30649
32306
32307
32308
32309
30687
30677
30667
30658
30648
30657
30666
30676
30686
30181
30697
30707
32310
32311
30717
30726
30734
30744
30752
30761
30769
30777
30785
30793
30802
30811
30820
30828
30837
30846
30856
30857
30868
30867
30877
30878
30886
30885
30894
30895
30904
30903
30912
30913
30201
30202
30919
30925
30931
30203
32319
30938
30204
30937
30944
30950
30205
30206
30956
30962
30963
32320
30207
30969
30975
30208
30209
30981
30987
30988
32321
30210
30994
31000
30211
30212
31006
31012
31013
32322
30213
30214
31019
31025
31031
31032
32323
32324
32325
30215
31046
31039
31038
31045
31052
31058
31065
31072
31079
31086
31087
31080
31073
31066
31059
32326
32327
32328
32329
32330
32331
31094
30216
31093
31100
30217
31106
31112
30218
32332
31119
30219
31118
31125
31131
30220
30221
31137
31143
31150
31156
31162
31168
31175
31181
31187
31193
31200
31206
31212
31218
31225
31231
31237
31244
31245
31238
32338
32339
31252
30233
31251
31258
31264
31271
31278
31285
31292
31293
31286
31279
31272
31265
32340
32341
32342
32343
32344
32345
31300
30234
31299
31306
30235
31312
31318
30236
32346
31325
30237
31324
31331
30238
31337
31343
30239
32347
31350
30240
31349
31356
31362
30241
30242
31368
31374
31375
32348
30243
31381
31387
30244
30245
31393
31399
31400
32349
30246
31406
31412
30247
30248
31418
31424
31425
32350
30249
30250
31431
31437
31443
31450
31451
31444
32351
32352
32353
31458
30251
31457
31464
31470
31477
31484
31491
31498
31499
31492
31485
31478
31471
32354
32355
32356
32357
32358
32359
31506
30252
31505
31512
31518
30253
30254
31524
31530
31531
32360
30255
31537
31543
30256
30257
31549
31555
31562
31568
31577
31584
31591
31598
31605
31613
31623
31630
31638
31647
31657
31667
31677
31687
31697
31707
31716
31725
31734
31735
31746
31745
31755
31756
31765
31776
31766
32375
31785
31784
31792
31800
31808
31818
31825
30274
31835
30275
31845
30276
31855
31856
31865
30277
31864
31872
31873
31882
31881
31889
31890
31898
31897
31906
31915
31925
31934
31944
31945
31955
31954
31965
31976
31987
31997
32008
32018
32028
32037
32047
32057
32056
32067
30292
32068
32077
32400
32401
32085
30294
32095
32101
32102
32402
32403
32112
32111
32118
30297
32128
32135
32143
32136
32129
32119
32404
32405
32406
32144
32150
32149
32155
30303
32165
32173
32179
32189
32199
32209
32219
32224
32225
32230
32229
32233
32234
32238
32237
32241
32242
30311
32252
32261
30312
30313
32267
32268
30314
32419
32420
17698
17699
17700
17701
17702
17703
17704
17705
17820
17706
17707
17708
17709
17710
17711
29825
27934
29824
27933
29814
29815
29816
29817
29818
29809
29810
29819
29820
29811
29796
29795
29794
28109
28111
29808
29807
29806
29805
29802
29799
32418
32265
32263
32417
32416
32415
32414
32413
32412
32411
32410
32409
32220
32210
32200
32408
32190
32180
32174
32166
32156
32407
29674
29664
29655
27929
29646
27928
29636
29628
29620
29613
29603
29596
29604
29605
28086
29614
28087
29621
28089
29629
29637
29647
29656
29665
29675
29685
29695
29684
27930
29694
27931
29704
29714
27932
29723
29732
29742
29752
29753
29762
29761
29769
29770
29779
29778
29785
29791
29792
29793
29786
28105
29780
29771
29763
29764
29755
29745
29736
29737
29747
29746
29756
29765
28102
28103
29772
29787
29781
29773
29766
28100
29757
28098
29748
29738
29728
29718
29709
29699
29698
29708
28094
29707
28093
29717
29727
29726
29735
29734
29744
29754
29743
29733
29724
29725
29716
29715
29705
29706
29696
29686
29676
29666
29657
29648
29638
29639
29640
29630
29622
29615
29607
29598
29606
29597
28084
29589
29590
29591
29580
29581
29592
29599
29608
29616
29623
29631
29641
29650
29649
29658
29667
29677
29687
29697
29688
29678
29668
29659
29669
29679
29689
29690
29680
29670
29660
29651
29642
29632
29624
29617
29609
29600
29593
29582
29573
29563
29552
28077
29542
29533
29523
29514
29505
29497
29488
28073
29470
29463
29462
29452
29453
29443
29433
29442
29451
29461
29469
29479
29478
29468
29460
29450
29449
29459
29458
28072
29467
29476
29477
29486
29487
29496
29495
29503
29504
29513
29512
28075
29521
29522
29532
28076
29541
29531
29530
29540
29550
28078
29551
29562
28079
29572
29561
29560
29571
28081
29579
29570
29559
29549
29539
29529
29520
29511
29502
28074
29494
29485
29475
27922
29484
27923
29493
27924
29510
29519
27925
29528
29538
27926
29547
29548
29558
29569
29578
29588
29587
29577
27927
29568
29557
32399
32398
32397
30288
32009
32396
32395
31998
31988
32394
32393
31977
31966
32392
32391
32390
31935
31926
31916
31907
32389
32388
32387
32386
32385
32384
32383
32382
31846
31836
32381
32380
31826
31819
31809
31801
31793
32376
32377
32378
32379
29347
29354
29363
29371
29372
29380
29379
29386
29393
29400
29406
29412
29420
27921
29429
29437
29447
29457
29448
29438
29430
29439
29431
29440
29441
29432
29424
29425
29416
29415
29414
29408
29402
28064
28066
28068
29423
29422
29421
29413
29407
29401
29394
29387
28062
28063
29395
29388
29381
28061
29373
29364
29355
29348
28056
29349
29356
28059
29365
29374
28060
29366
29357
29350
29358
29359
29344
29343
29342
29341
29334
29324
29317
29308
29309
29310
29318
29325
29326
28053
29335
29327
29328
29311
29300
29301
29290
29279
29271
29261
29251
29241
29230
29219
29208
29198
29188
29177
29168
29167
28046
29176
29187
29197
29207
29218
29229
29240
29250
29260
29270
28050
29289
29299
29288
29287
29298
29297
29286
29277
29267
29257
29247
29237
29226
29215
29204
29194
29184
29185
29195
29205
29216
29227
29238
29248
29258
29268
29278
28049
29269
29259
29249
29239
29228
29217
29206
29196
29186
29175
29174
29165
29166
29156
29157
29158
29159
29149
29148
28042
29125
29114
29113
29124
29123
29112
28041
29121
29122
29132
29140
29139
28043
29147
29155
29154
29164
29173
29183
29193
29203
29214
29225
29236
29246
29256
29266
29276
29285
29296
29307
29316
29323
29333
29340
29339
29332
29322
29315
27920
29306
29295
29284
29275
29265
27919
29255
27918
29245
27917
29235
27916
29224
27915
29213
27914
29202
27913
29192
29182
27912
29172
29163
27911
29153
29146
29138
29131
29137
29136
29145
32369
32370
32371
32372
32373
32374
31726
31717
31708
31698
31688
31678
31668
31658
31648
32368
31639
31631
32367
32366
32365
31606
32364
32363
32362
30259
30258
31556
32361
27904
29090
27905
29093
27906
29097
27907
29100
27908
29103
27909
29106
29110
29119
27910
29129
29130
29120
29111
29107
29104
29101
29098
29094
29091
29088
29087
27903
29084
27902
29085
29081
29080
27901
29075
27900
29076
29071
29070
27899
29065
27898
29066
29061
29060
27897
29055
27896
29056
29051
29050
27895
29045
27894
29046
29041
29040
27893
29035
27892
29036
29032
29031
27891
29026
27890
29027
29022
29021
27889
29016
27888
29017
29013
29012
27887
29008
27886
29009
29004
29003
27885
28999
27884
29000
28996
28995
27883
28991
27882
28992
28987
28986
27881
28982
27880
28983
28979
28978
27879
28974
27878
28975
28970
28969
27877
28965
27876
28966
28962
28961
27875
28957
27874
28958
28953
28952
27873
28948
27872
28949
28945
28944
27871
28940
27870
28941
28936
28935
27869
28931
27868
28932
28928
28927
27867
28923
27866
28924
28919
28918
27865
28913
27864
28914
28909
28908
27863
28903
27862
28904
28899
28898
27861
28893
27860
28894
28890
28889
27859
28884
27858
28885
28880
28879
27857
28874
27856
28875
28871
28870
27855
32337
30232
30231
31219
32336
30230
30229
30228
31194
32335
30227
30226
30225
31169
32334
30224
30223
30222
31144
32333
27844
28823
27845
28827
27846
28832
27847
28836
27848
28840
27849
28844
27850
28849
27851
28853
27852
28857
27853
28861
27854
28866
28867
28862
28858
28854
28850
28845
28841
28837
28833
28828
28824
28820
28819
27843
28815
27842
28816
28811
28810
27841
28806
27840
28807
28803
28802
27839
28798
27838
28799
28794
28793
27837
28789
27836
28790
28786
28785
27835
28781
27834
28782
28777
28776
27833
28771
27832
28772
28767
28766
27831
28761
27830
28762
28757
28756
27829
28751
27828
28752
28748
28747
27827
28742
27826
28743
28738
28737
27825
28732
27824
28733
28729
28725
28728
27823
28724
27822
28719
27821
28720
28716
28715
27820
28711
27819
28712
28708
28707
27818
28702
27817
28703
28699
28698
27816
28694
27815
28695
28691
28686
28690
27814
28685
27813
28681
27812
28682
28678
28677
27811
28673
27810
28674
28669
28668
27809
28664
27808
28665
28661
28660
27807
28656
27806
28657
28652
28651
27805
28641
28631
28642
28643
28644
28645
28646
28647
28636
28626
28619
28610
28611
28602
28591
28601
28600
28599
27979
28609
27980
28635
28634
28633
28632
28625
28618
28617
28608
28597
28598
28590
28589
28581
28582
28574
28573
28566
28567
28559
28558
28550
28542
28535
28528
28518
28508
28498
28499
28509
28519
28520
28529
28536
28543
28551
28583
28575
28568
28560
28552
28544
28537
28530
28523
28522
28521
28510
27975
28500
27974
28490
28489
28480
28472
27971
28464
27969
28456
28446
28436
28427
28428
28437
28447
28448
28458
28457
28465
28473
28481
28491
28501
28511
28512
28502
28492
28482
28474
27970
28459
28449
28439
28438
27965
28420
28410
28399
28398
28409
28419
28418
28408
28417
28407
28406
28405
28416
28426
28435
28445
28455
28454
28463
28471
28479
27973
28488
28487
27793
28497
27794
28507
28517
27795
28527
27796
28534
27797
28541
27798
28549
27799
28557
27800
28565
27801
28572
27802
28580
27803
28588
28596
28607
28616
27804
28624
32318
30847
30838
30829
32317
32316
30192
30812
32315
32314
30803
30794
32313
30191
30190
32312
30188
30186
30184
30735
27792
28478
27791
28470
28462
28453
28443
28444
28434
28433
28424
28425
28415
28414
27790
28404
28394
27789
28384
28385
28395
27963
28396
28397
28388
28389
28379
27961
28370
28371
28362
28352
28351
28361
28369
28360
28350
28340
28341
28342
28333
28326
28315
28306
28314
28325
28324
28313
28312
28323
28332
28322
28321
28331
28337
28338
28339
28349
28359
28368
28378
28387
28386
28377
28367
28358
28348
28347
28357
28366
28376
28375
28365
28356
28346
28336
28330
27788
28320
28310
27787
28300
28301
28311
27954
28302
28294
28293
28292
27786
28285
28286
28278
28277
27785
28262
27784
28254
27783
28246
32293
32294
32295
32296
32297
32298
32299
32300
32301
32302
32303
32304
32305
30618
30608
30598
30588
30578
30569
30560
30550
30542
30532
30523
30515
30506
30497
30488
32292
32291
30479
30470
30461
30452
30444
30437
32290
32289
32288
30427
30417
30407
32287
32286
27778
28162
27779
28169
27780
28176
28183
28184
27942
28189
27943
28194
27944
28199
28204
27781
27782
28216
28223
28222
28229
28230
27948
28238
28239
28240
27949
28248
28256
28247
28255
28263
27950
28270
28264
28271
28279
27951
28287
28295
28303
28304
28305
28296
28288
28280
28272
28265
28257
28249
28241
27947
27946
28233
28232
28231
28224
28217
28211
28210
28205
27945
27941
28178
28177
28170
28171
28164
28163
28156
27940
28157
27939
28137
28138
28139
28140
28141
28120
28119
28118
28117
28116
28123
28127
27937
28131
28136
27938
28145
28151
28150
28135
27777
27776
28114
28115
17498
17497
17496
17495
17494
