1254
17474
17475
17476
17477
17478
17479
17334
17335
17480
17481
17482
17483
17484
17485
17486
30138
30330
30331
30341
30340
30339
30329
30321
30320
30328
30338
30349
30350
30351
30355
30356
30361
30372
30377
30382
30381
30376
30371
30360
30370
30369
30368
30143
30142
30367
30348
30337
30327
30319
30318
30326
30325
30317
30316
30315
29969
29970
30324
30334
30335
30336
30347
30346
30345
30344
29971
30354
30140
30359
30366
30375
30365
30364
30374
30379
30384
30393
30398
30408
30418
30419
30420
30421
30412
30411
30410
30409
30399
30394
30385
30380
30386
30387
30395
30400
30401
30402
30146
30388
30389
30390
30391
30396
30405
30415
30425
30435
30442
30449
30450
30155
30468
30477
30486
30485
30476
30467
30459
30458
30154
30153
30152
30433
30434
30424
30414
30404
30403
30413
30423
30422
30432
30431
30430
30429
30428
30438
29972
30445
30453
30462
30463
30158
30471
30159
30480
30489
29973
30498
29974
30507
30508
30161
30516
30517
30518
30510
30501
30500
30509
30499
30490
30481
30491
30492
30482
30483
30474
30473
30472
30464
30156
30456
30455
30454
30446
30439
30440
30441
30447
30448
30457
30465
30157
30466
30475
30484
30160
30493
30494
30495
30504
30503
30502
30511
30512
30513
30521
30530
30520
30529
30539
30540
30548
30163
30558
30567
30576
30575
30586
30167
30596
30168
30606
30169
30616
30623
30172
30629
30622
30615
30614
30604
30605
30595
30594
30584
30573
30585
30574
30164
30547
30546
30557
30556
30566
30565
30555
30545
30554
30564
30563
30165
30562
30552
30553
30544
30534
30535
30536
30537
30538
30528
30519
30527
30526
30162
30525
29975
30524
29976
30533
29977
30543
30551
30561
30570
30579
30589
30599
30609
30619
30626
30632
30641
30650
30651
30642
30643
30634
30633
30627
30628
30621
30620
30610
30600
30590
30580
30581
30591
30601
30611
30612
30602
30592
30582
30571
30572
30583
30593
30603
30613
30170
30171
30173
30635
30175
30174
30644
30654
30655
30664
30177
30656
30176
30646
30645
30636
30637
30638
30647
30178
30665
30179
30674
30180
30684
30675
30685
30696
30706
30705
30695
30694
30693
30703
30704
30713
30723
30182
30714
30715
30716
30725
30724
30183
30733
30743
30751
30187
30760
30768
30776
30784
30792
30801
30810
30809
30800
30791
30790
30782
30783
30775
30774
30773
30765
30189
30757
30758
30766
30767
30759
30750
30742
30749
30185
30741
30732
30740
30731
30730
30739
30748
30756
30772
30771
30764
30755
30747
30738
30729
30720
30710
30700
30690
30680
30670
30671
30681
30691
30701
30711
30721
30722
30712
30702
30692
30682
30683
30673
30672
30663
30662
30653
30652
30661
30660
30659
30668
30669
30679
30678
30689
30688
29978
30698
30699
30709
29979
30708
29980
30718
30719
30728
30727
29981
30736
30737
30746
30745
30753
30754
30763
30762
29982
30770
29983
30778
29984
30786
29985
30795
29986
30804
29987
30813
29988
30821
29989
30830
29990
30839
29991
30840
30841
30832
30831
30822
30814
30805
30796
30797
30788
30787
30779
30780
30781
30789
30798
30799
30808
30807
30806
30815
30823
30816
30817
30818
30819
30827
30826
30825
30824
30833
30834
30835
30836
30845
30844
30843
30853
30854
30865
30855
30866
30876
30875
30195
30873
30874
30864
30863
30852
30842
30851
30862
30861
30193
30850
30849
30848
30858
29992
30869
30194
30859
30860
30870
30871
30872
30881
30880
29993
30879
30887
30896
30905
29994
30914
29995
30920
29996
30926
29997
30932
29998
30939
29999
30945
30000
30951
30001
30957
30002
30964
30965
30958
30952
30946
30940
30933
30927
30921
30915
30906
30897
30888
30889
30890
30898
30907
30908
30909
30916
30922
30928
30934
30941
30947
30953
30959
30966
30972
30971
30003
30970
30004
30976
30005
30982
30006
30989
30990
30983
30977
30978
30984
30991
30997
30996
30007
30995
30008
31001
30009
31007
30010
31014
31015
31008
31002
31003
31009
31016
31022
31021
30011
31020
30012
31026
30013
31033
30014
31040
31041
31034
31027
31028
31035
31042
31049
31048
30015
31047
30016
31053
30017
31060
30018
31067
31068
31061
31054
31055
31062
31069
31076
31075
30019
31074
30020
31081
30021
31088
30022
31095
31096
31089
31082
31083
31090
31097
31103
31102
30023
31101
30024
31107
30025
31113
30026
31120
31121
31114
31108
31109
31115
31122
31128
31127
30027
31126
30028
31132
30029
31138
30030
31145
31146
31139
31133
31134
31140
31147
31153
31152
30031
31151
30032
31157
30033
31163
30034
31170
31171
31164
31158
31159
31165
31172
31178
31177
30035
31176
30036
31182
30037
31188
30038
31195
31196
31189
31183
31184
31190
31197
31203
31202
30039
31201
30040
31207
30041
31213
30042
31220
31221
31214
31208
31209
31215
31222
31228
31227
30043
31226
30044
31232
30045
31239
30046
31246
31247
31240
31233
31234
31241
31248
31255
31254
30047
31253
30048
31259
30049
31266
30050
31273
31274
31267
31260
31261
31268
31275
31282
31281
30051
31280
30052
31287
30053
31294
30054
31301
31302
31295
31288
31289
31296
31303
31309
31308
30055
31307
30056
31313
30057
31319
30058
31326
31327
31320
31314
31315
31321
31328
31334
31333
30059
31332
30060
31338
30061
31344
30062
31351
31352
31345
31339
31340
31346
31353
31359
31358
30063
31357
30064
31363
30065
31369
30066
31376
31377
31370
31364
31365
31371
31378
31384
31383
30067
31382
30068
31388
30069
31394
30070
31401
31402
31395
31389
31390
31396
31403
31409
31408
30071
31407
30072
31413
30073
31419
30074
31426
31427
31420
31414
31415
31421
31428
31434
31433
30075
31432
30076
31438
30077
31445
30078
31452
31453
31446
31439
31440
31447
31454
31461
31460
30079
31459
30080
31465
30081
31472
30082
31479
31480
31473
31466
31467
31474
31481
31488
31487
30083
31486
30084
31493
30085
31500
30086
31507
31508
31501
31494
31495
31502
31509
31515
31514
30087
31513
30088
31519
30089
31525
30090
31532
31533
31526
31520
31521
31527
31534
31540
31539
30091
31538
30092
31544
30093
31550
30094
31557
31558
31551
31545
31546
31552
31559
31565
31571
31564
30095
31563
30096
31569
30260
31570
31580
31579
30097
31578
30098
31585
31586
31593
30099
31592
30100
31599
31600
31608
30101
31607
31614
31615
31625
31624
30102
31632
31633
31634
31635
31643
31642
31641
31640
30103
31649
30265
31650
31651
31661
31672
31682
31683
31673
31662
31663
31674
31684
31685
31675
31665
31664
31654
31653
31652
30264
31644
31636
31627
30263
31628
31621
31620
31610
31611
31603
31596
31589
31582
31575
31574
31588
31595
30261
31602
31619
31618
30262
31617
31626
31616
31609
31601
31594
31587
31581
31572
31573
31566
31560
31553
31547
31541
31535
31528
31522
31516
31510
31503
31496
31489
31482
31475
31468
31462
31455
31448
31441
31435
31429
31422
31416
31410
31404
31397
31391
31385
31379
31372
31366
31360
31354
31347
31341
31335
31329
31322
31316
31310
31304
31297
31290
31283
31276
31269
31262
31256
31249
31242
31235
31229
31223
31216
31210
31204
31198
31191
31185
31179
31173
31166
31160
31154
31148
31141
31135
31129
31123
31116
31110
31104
31098
31091
31084
31077
31070
31063
31056
31050
31043
31036
31029
31023
31017
31010
31004
30998
30992
30985
30979
30973
30967
30960
30954
30948
30942
30935
30929
30923
30917
30910
30199
30900
30899
30198
30891
30196
30882
30197
30892
30883
30884
30893
30902
30901
30200
30911
30918
30924
30930
30936
30943
30949
30955
30961
30968
30974
30980
30986
30993
30999
31005
31011
31018
31024
31030
31037
31044
31051
31057
31064
31071
31078
31085
31092
31099
31105
31111
31117
31124
31130
31136
31142
31149
31155
31161
31167
31174
31180
31186
31192
31199
31205
31211
31217
31224
31230
31236
31243
31250
31257
31263
31270
31277
31284
31291
31298
31305
31311
31317
31323
31330
31336
31342
31348
31355
31361
31367
31373
31380
31386
31392
31398
31405
31411
31417
31423
31430
31436
31442
31449
31456
31463
31469
31476
31483
31490
31497
31504
31511
31517
31523
31529
31536
31542
31548
31554
31561
31567
31576
31583
31590
31597
31604
31612
31622
31629
31637
31646
31645
31655
31656
31666
31676
31686
31696
31706
31715
31724
31733
31744
31743
31753
31754
31764
31763
31762
31773
31772
31771
31760
31761
31751
31752
31742
31731
31732
31723
31722
31713
31714
31705
31695
31694
31704
31703
31702
31693
31692
31691
30266
31690
31680
31681
31671
31660
31670
31659
30104
31669
30105
31679
30106
31689
30107
31699
30108
31709
30109
31718
30110
31727
31736
30111
31747
30112
31757
31758
30267
31737
31738
31728
31719
31720
31711
31710
31700
31701
31712
31721
31729
31730
31741
31740
31750
31739
31749
31748
30268
31759
31770
31769
31768
31767
31778
31777
31786
30113
31794
31803
31802
31810
31820
31827
31837
31847
31857
30114
31866
31875
31874
30115
31883
30116
31891
31899
30117
31908
30118
31917
30281
31909
31900
31892
31884
31893
31901
31910
31918
31929
31938
31947
31959
31958
31969
31970
31981
31980
31990
31991
31992
31982
31971
31960
31950
31949
31948
31939
31930
31931
31920
31919
31911
31902
31903
31912
31913
31904
30279
31895
31887
31894
31886
31885
31876
31868
31867
31858
31848
31838
31828
31811
31812
30273
31821
31814
31813
31804
30271
31796
31795
31787
30270
31779
31788
30269
31780
31781
31782
31774
31775
31783
31791
31790
31789
31797
31798
31799
31807
30272
31817
31824
31823
31806
31805
31815
31816
31822
31833
31834
31844
31843
31842
31832
31831
31841
31851
31852
31861
31860
31850
31840
31830
31829
31839
31849
31859
31869
31877
31878
31879
31880
31870
31862
31853
31854
31863
31871
30278
31888
31896
31905
30280
31914
31924
30283
31933
30282
31923
31922
31921
31932
30284
31940
31941
31942
31943
31953
31964
31975
31986
31985
31984
31973
31974
31963
31952
31951
31962
31961
31972
31983
31993
32004
32003
32014
32013
32002
32001
32012
32011
32000
31989
30286
31979
31968
31957
31946
30285
31937
31928
31927
31936
30119
31956
30120
31967
30121
31978
30122
31999
32010
30123
32019
32029
32038
30124
32048
32058
32069
32078
32086
32087
32088
32097
32096
32103
30125
32113
32121
32120
30126
32130
32131
32138
32137
32145
32146
32152
32151
32157
30127
32167
32168
32158
32159
32153
30301
32147
30299
30298
32139
32140
32148
32141
32127
32126
32125
32124
32123
32122
32114
32104
32105
32106
32107
30295
32089
32090
32091
32098
32099
32093
32092
32082
32083
32075
32065
32054
32053
32064
30291
32074
30293
32073
32072
32081
32080
32079
32070
32071
32060
32061
32062
32063
32052
32051
30290
32041
32031
32040
32050
32059
32049
32039
32030
32020
32021
32022
32023
30289
32032
32042
32043
32033
32024
32015
32016
32005
32006
31994
31995
31996
32007
30287
32017
32027
32036
32035
32026
32025
32034
32044
32045
32046
32055
32066
32076
32084
32094
32100
30296
32110
32117
32116
32115
32109
32108
32132
32133
32134
32142
30300
30302
32172
32178
32188
30307
32198
32208
30309
32207
32206
32197
32187
30306
32171
32164
32154
32163
30304
32162
32161
32160
32170
30305
32186
32196
32205
32204
32195
32185
32184
32183
32177
32169
32176
32175
32181
32182
32192
32191
30128
32201
30308
32202
32193
32194
32203
32214
32213
32212
32211
30129
32221
32226
30130
32231
30131
32235
32227
32222
30310
32215
32216
32217
32218
32223
32228
32232
32236
32240
32251
32250
32260
32259
32249
32248
32258
32257
32247
32246
32256
32255
32245
32244
30132
32239
32243
32254
32253
30133
32262
30134
32264
30135
32266
32269
32270
32271
32272
32273
32274
32275
32276
32277
17697
17696
17695
17694
17693
17692
17691
17690
17819
17689
17688
17687
17686
17685
17684
32279
30137
32278
30136
1386
1385
1384
1383
1382
1381
1380
1379
1378
1377
1376
1375
1374
1373
1372
1371
1370
1369
1368
1367
1366
1365
1364
1363
1362
1361
1360
1359
1358
1357
1356
1355
1354
1353
1352
1351
1350
1349
1348
1347
1346
1345
1344
1343
1342
1341
1340
1339
1338
1337
1336
1335
1334
1333
1332
1331
1330
1329
1328
1327
1326
1325
1324
1323
1322
1321
1320
1319
1318
1317
1316
1315
1314
1313
1312
1311
1310
1309
1308
1307
1306
1305
1304
1303
1302
1301
1300
1299
1298
1297
1296
1295
1294
1293
1292
1291
1290
1289
1288
1287
1286
1285
1284
1283
1282
1281
1280
1279
1278
1277
1276
1275
1274
1273
1272
1271
1270
1269
1268
1267
1266
1265
1264
1263
1262
1261
1260
1259
1258
1257
1256
1255
