15743
17290
17364
17365
17366
17367
17368
17369
17370
17371
17292
17372
16673
16674
16675
16676
16677
16678
16679
16680
16681
16682
16683
16684
16685
16686
16687
16688
16689
16690
16691
16692
16693
16694
16695
16127
16696
16697
16698
16699
16700
16701
16702
16703
16704
16705
16706
16707
16708
16709
16710
16711
16712
16713
16714
16715
16716
16717
16718
16719
16720
16721
16722
16723
16724
16228
16725
16726
16727
16728
16729
16730
16731
16732
16733
16734
16735
16736
16737
16738
16739
16740
16741
16742
16272
16273
16274
16743
16744
16745
16275
16276
16277
16746
16747
16748
16278
16279
16280
16749
16750
16751
16281
16282
16283
16752
16753
16284
16292
16293
16294
16295
16296
16297
16285
16754
16755
16756
16757
16758
16759
16760
16761
16762
16763
16764
16765
16766
15989
16767
16298
16299
16768
16769
16300
16302
16770
16771
16304
16306
16772
16773
16308
16310
16774
16775
16312
16314
16776
16777
16316
16318
16778
16779
16320
16322
16780
16781
16324
16326
16782
16783
16784
16785
16786
16787
16788
16789
16790
16791
16792
16793
16794
16795
16796
16797
16798
16799
16396
16408
16420
16800
16423
16434
16445
16456
16801
16458
16459
16460
16461
16802
16462
15998
15997
15996
16457
16455
16454
16453
16452
16451
16440
16439
16438
16437
16448
16449
16450
16465
16466
16478
16490
16491
16492
16480
16479
16467
16468
16469
16470
16471
16472
16473
16474
16486
16498
16803
16499
16511
16523
16535
16534
16522
16510
16497
16485
16484
16496
16495
16483
16482
16481
16493
16494
16506
16507
16508
16509
16521
16533
16520
16532
16531
16519
16518
16530
16529
16528
16516
16517
16505
16504
16503
16515
16527
16526
16514
16502
16501
16513
16512
16524
16525
15999
16572
16573
16574
16575
16576
16577
16578
16579
16580
16581
16582
16570
16569
16568
16567
16566
16565
16564
16563
16562
16561
16560
16559
16558
16557
16556
16555
16553
16551
16549
16547
16545
16543
16541
16539
16537
16804
16805
16806
16807
16808
16809
16810
16811
16812
16813
16814
16815
16816
16817
16818
16819
16820
16821
16822
16823
16824
16825
16826
16827
16828
16829
16830
16831
16832
16833
16834
16835
16836
16837
16838
16839
16840
16841
16842
16843
16844
16845
16846
16847
16848
16849
16850
16851
16852
16853
16854
16855
16856
16857
16858
16859
16860
16861
16862
16863
16864
16865
16000
16866
16867
16583
16584
16585
16868
16869
16586
16587
16870
16871
16588
16589
16872
16873
16590
16602
16874
16875
16876
16877
16878
16001
16612
16610
16608
16606
16604
16601
16600
16599
16598
16597
16596
16595
16594
16593
16592
16591
16627
16628
16629
16630
16631
16632
16633
16634
16635
16636
16637
16625
16623
16621
16619
16617
16003
16002
16879
16880
16881
16882
16883
16884
16885
16886
16887
16888
16889
16890
16891
16892
16893
16894
16895
16896
16897
16898
16899
16663
16662
16661
16660
16659
16658
16665
16900
16901
16667
16004
16902
16903
16904
16005
17576
17785
17575
17574
17573
17572
17571
17570
17569
17568
17567
17566
17565
16672
15984
16671
15983
16670
15982
16669
15981
16668
15980
16666
15979
16664
15978
16652
16653
16654
16655
16656
16657
16651
15977
16650
15976
16649
15975
16648
15974
16647
15973
16646
15972
16645
15971
16644
15970
16643
15969
16642
15968
16641
15967
16640
15966
16639
15965
16638
15964
16626
16624
15963
16622
15962
16620
15961
16618
15960
16616
15959
16615
15958
16614
15957
16613
15956
16611
15955
16609
15954
16607
15953
16605
15952
16603
15951
15950
15949
15948
15947
15946
15945
15944
15943
15942
15941
15940
15939
15938
15937
15936
15935
15934
15933
15932
15931
15930
15929
15928
15927
15926
15925
15924
15923
15922
15921
15920
15919
15918
15917
15916
15915
15914
15913
15912
15911
15910
15909
15908
15907
15906
15905
16571
15904
15903
15902
15901
15900
15899
15898
15897
15896
15895
15894
15893
15892
15891
16554
15890
16552
15889
16550
15888
16548
15887
16546
15886
16544
15885
16542
15884
16540
15883
16538
15882
16536
15881
15880
15879
16500
15878
15877
16487
16488
16489
16477
16476
16464
16463
16475
15876
15875
15874
15873
15872
15871
15870
15869
15995
16446
16447
16436
16435
16424
16425
16426
16427
16412
16400
16388
16377
16378
16389
16401
16413
16414
16402
16390
16379
16380
16391
16403
16415
16428
16429
16430
16441
16442
16431
16432
16443
16444
16433
16422
16418
16419
16407
16406
16394
16393
16405
16417
16416
16404
16392
16381
16382
16383
16395
16384
15992
16372
16369
16366
16363
16360
16357
16354
16351
16348
16345
16342
16339
16336
16333
16330
16328
15991
16332
16335
16338
16341
16344
16347
16350
16353
16356
16359
16362
16365
16368
16371
16374
16375
16376
16387
16399
16411
16410
16398
16386
16385
16397
16409
16421
15993
15994
15868
15867
15866
15865
15864
15863
16373
16370
15862
16367
15861
16364
15860
16361
15859
16358
15858
16355
15857
16352
15856
16349
15855
16346
15854
16343
15853
16340
15852
16337
15851
16334
15850
16331
15849
16329
16327
15848
16325
15847
16323
15846
16321
15845
16319
15844
16317
15843
16315
15842
16313
15841
16311
15840
16309
15839
16307
15838
16305
15837
16303
15836
16301
15835
15990
15834
15833
15832
15831
15830
15829
15828
15827
15826
15825
15824
15823
15822
15821
16286
16287
16288
16289
16290
16291
15820
15819
15818
15817
15816
15815
15814
15813
15812
15811
15810
15809
15808
15807
16260
15806
15805
15804
15803
15802
15801
15800
15799
15798
15797
15796
15795
15794
15793
16229
15792
15791
15790
15789
15788
15787
15786
15785
15784
15783
15782
15781
15780
15779
16187
16190
16193
16196
16199
16202
16205
16208
16211
16214
16217
16220
16223
16226
15987
16261
16262
16263
16264
16265
16266
16267
16268
16269
16270
16271
15988
16259
16258
16256
16257
16255
16254
16252
16253
16251
16250
16248
16249
16247
16246
16244
16245
16243
16242
16240
16241
16239
16238
16236
16237
16235
16234
16232
16233
16231
16230
16227
16224
16225
16222
16221
16218
16219
16216
16215
16212
16213
16210
16209
16206
16207
16204
16203
16200
16201
16198
16197
16194
16195
16192
16191
16188
16189
16186
16185
16182
16183
16179
16178
16174
16175
16171
16170
16166
16167
16163
16162
16158
16159
16155
16154
16150
16151
16147
16146
16142
16143
16139
16138
16134
16135
16131
16130
16126
15985
16114
16115
16110
16109
16104
16105
16100
16099
16094
16095
16090
16085
16080
16079
16084
16089
16093
16098
16103
16108
16113
16125
16124
16123
16122
16121
16120
16119
16088
16083
16078
16073
16074
16075
16070
16065
16060
16059
16064
16069
16068
16063
16058
16053
16048
16049
16054
16055
16050
16045
16040
16035
16030
16025
16020
16015
16010
16009
16008
16013
16014
16019
16024
16029
16034
16039
16044
16043
16038
16033
16028
16023
16018
16007
16012
16017
16022
16027
16032
16037
16042
16047
16052
16057
16062
16067
16072
16077
16082
16087
16092
16097
16102
16107
16112
16118
16117
16129
16133
16137
16141
16145
16149
16153
16157
16161
16165
16169
16173
16177
16181
15986
16184
16180
15778
16176
15777
16172
15776
16168
15775
16164
15774
16160
15773
16156
15772
16152
15771
16148
15770
16144
15769
16140
15768
16136
15767
16132
15766
16128
15765
16116
16111
15764
16106
15763
16101
15762
16096
15761
16091
15760
16086
15759
16081
15758
16076
15757
16071
15756
16066
15755
16061
15754
16056
15753
16051
15752
16046
15751
16041
15750
16036
15749
16031
15748
16026
15747
16021
15746
16016
15745
16011
15744
16006
