17358
17548
17547
17546
17545
17544
17543
17542
17541
20028
20232
20366
20365
20029
20234
20371
20375
20235
20381
20387
20380
20386
20396
20406
20407
20237
20416
20423
20424
20239
20433
20440
20439
20030
20449
20031
20457
20032
20465
20458
20450
20451
20459
20467
20466
20241
20473
20481
20480
20490
20491
20500
20510
20501
20502
20492
20482
20474
20483
20493
20503
20513
20512
20511
20246
20520
20521
20528
20527
20033
20537
20034
20544
20538
20545
20248
20551
20558
20035
20557
20036
20564
20037
20570
20576
20038
20581
20586
20039
20591
20592
20597
20607
20617
20040
20627
20041
20635
20255
20628
20618
20608
20598
20599
20600
20611
20601
20593
20587
20251
20582
20577
20250
20572
20571
20565
20566
20559
20552
20546
20539
20529
20530
20531
20532
20514
20504
20494
20484
20485
20495
20505
20515
20516
20506
20496
20486
20243
20497
20244
20507
20245
20517
20524
20247
20534
20523
20522
20533
20540
20547
20553
20560
20567
20573
20578
20583
20588
20594
20602
20612
20622
20621
20620
20610
20609
20619
20629
20637
20638
20636
20647
20648
20658
20256
20657
20646
20645
20656
20666
20042
20667
20674
20673
20680
20043
20688
20696
20044
20704
20713
20724
20045
20735
20744
20753
20762
20770
20046
20780
20047
20781
20788
20787
20048
20794
20049
20801
20050
20808
20051
20815
20052
20822
20053
20829
20054
20836
20055
20843
20056
20850
20851
20858
20865
20857
20057
20864
20058
20871
20877
20882
20892
20899
20059
20893
20883
20872
20267
20878
20873
20866
20859
20852
20265
20860
20853
20846
20847
20854
20861
20868
20867
20874
20875
20880
20890
20891
20897
20896
20900
20895
20889
20879
20888
20270
20887
20886
20269
20885
20884
20894
20272
20907
20917
20918
20908
20909
20919
20920
20910
20911
20921
20932
20927
20922
20912
20903
20913
20923
20914
20274
20924
20929
20928
20933
20934
20938
20937
20948
20958
20968
20971
20974
20982
20990
21000
21010
21009
21008
20999
20998
20997
21007
21006
20996
20988
20987
20995
21005
21004
20994
20986
20978
20979
20980
20981
20989
20281
20279
20973
20970
20966
20967
20957
20956
20947
20936
20946
20945
20955
20965
20964
20954
20944
20943
20953
20963
20962
20952
20942
20941
20951
20961
20276
20960
20950
20940
20275
20931
20926
20916
20906
20902
20905
20915
20060
20925
20061
20930
20935
20939
20949
20959
20969
20972
20277
20977
20985
20993
21003
21002
20992
20984
20976
20975
20983
20991
21001
20062
21011
20063
21013
20064
21016
20065
21019
20066
21022
20067
21024
20068
21027
20069
21030
20070
21033
20071
21036
20072
21039
20073
21042
20074
21045
20075
21048
20076
21051
20077
21053
20078
21055
20079
21057
20080
21059
20081
21061
20082
21062
20083
21063
20084
21064
20085
21066
20086
21067
20087
21068
20088
21069
20089
21071
20090
21072
20091
21073
20092
21074
20093
21076
20094
21077
20095
21078
20096
21080
20097
21082
20098
21084
20099
21085
20100
21087
20101
21089
20102
21091
20103
21093
20104
21095
20105
21097
20106
21098
20107
21099
20108
21100
20109
21102
20110
21103
20111
21104
20112
21105
20113
21107
20114
21108
20115
21109
20116
21110
20117
21112
20118
21113
20119
21114
20120
21115
20121
21117
20122
21118
20123
21119
20124
21120
20125
21122
20126
21123
20127
21124
20128
21126
20129
21128
20130
21130
20131
21131
20132
21133
20133
21135
20134
21137
20135
21139
20136
21141
20137
21143
20138
21144
20139
21145
20140
21146
20141
21148
20142
21149
20143
21150
20144
21151
20145
21153
20146
21154
20147
21155
20148
21156
20149
21158
20150
21159
20151
21160
20152
21161
20153
21163
20154
21164
20155
21165
20156
21166
20157
21168
20158
21169
20159
21170
20160
21172
20161
21174
20162
21176
20163
21177
20164
21179
20165
21181
20166
21183
20167
21185
20168
21187
20169
21189
20170
21190
20171
21191
20172
21192
20173
21194
20174
21195
20175
21196
20176
21197
20177
21199
20178
21200
20179
21201
20180
21202
20181
21204
20182
21205
20183
21206
20184
21207
20185
21209
20186
21210
20187
21211
20188
21212
20189
21214
20190
21215
20191
21216
20192
21218
20193
21220
20194
21222
20195
21223
20196
21225
20197
21227
20198
21229
20199
21231
20200
21233
20201
21235
20202
21237
20203
21239
20204
21241
20205
21251
20206
21254
20207
21257
20208
21260
20209
21264
20210
21268
20211
21272
20212
21276
20213
21280
20214
21283
20215
21286
20216
21289
20217
21292
20218
21295
20219
21298
20220
21301
20221
21304
20222
21308
20223
21312
20224
21322
20225
21327
20226
21332
20227
21337
20228
21342
21347
20229
21352
20230
21357
17765
17828
17766
17767
17768
17769
17770
17771
17772
17773
17774
21361
21517
21516
21515
21351
21356
21355
21360
21359
21354
21350
21349
20360
21358
21353
21348
21343
21344
21339
21334
21329
21338
21333
21328
21324
21323
21313
20358
21309
21305
21302
21299
21296
21293
21290
21287
21284
21281
21277
21273
21269
21265
21261
21258
21255
21252
20352
21242
21243
21244
21245
21246
21247
21248
21249
21253
21256
21259
21263
21262
20353
21266
21270
21274
21278
21282
21285
21288
21291
21294
21297
21300
21303
21306
21314
21315
21316
21317
21318
21319
21310
21320
21325
21330
21335
21340
21345
20359
21346
21341
21514
21513
21336
21331
21512
21511
21326
21321
21311
21307
21510
21509
20357
21508
21507
21506
21505
20356
20355
20354
21279
21504
21503
21275
21271
21267
21502
21501
21500
21499
21498
21250
21240
21497
21496
21495
21238
21236
21234
21494
21493
21232
21230
21492
21491
21228
21226
21224
21490
21489
20351
21221
21488
21487
21219
21217
21486
20350
20349
21213
21485
20348
20347
20346
21208
21484
20345
20344
20343
21203
21483
20342
20341
20340
21198
21482
20339
20338
20337
21193
21481
20336
20335
20334
21188
21186
21480
21479
21478
21184
21182
21180
21477
21476
21475
21178
20333
21175
21173
21474
21473
21472
21171
20332
20331
21167
21471
20330
20329
20328
21162
21470
20327
20326
20325
21157
21469
20324
20323
20322
21152
21468
20321
20320
20319
21147
21467
20318
20317
20316
21142
21140
21466
21465
21464
21138
21136
21134
21463
21462
21461
21132
20315
21129
21127
21460
21459
21458
21125
20314
20313
21121
21457
20312
20311
20310
21116
21456
20309
20308
20307
21111
21455
20306
20305
20304
21106
21454
20303
20302
20301
21101
21453
20300
20299
20298
21096
21094
21452
21451
21450
21092
21090
21088
21449
21448
21447
21086
20297
21083
21081
21446
21445
21444
21079
20296
20295
21075
21443
20294
20293
20292
21070
21442
20291
20290
20289
21065
21441
20288
20287
20286
21060
21440
21439
21058
21056
21438
21437
21054
21052
20285
21049
21046
21043
21044
21047
21050
21436
21435
21434
21433
21041
21040
21037
21034
21031
21028
21029
21032
21035
21038
21432
21431
21430
21429
21428
21026
21025
21023
21020
20284
21021
21427
21426
21425
21015
21018
21017
21014
21012
20283
21424
20282
20280
20278
21423
21422
21421
21420
21419
21418
21417
21416
21415
20904
20273
20901
20271
20898
21414
20268
20881
20876
20869
20862
20855
20848
20841
20834
20827
20820
20813
20806
20799
20792
20793
20800
20807
20814
20821
20828
20835
20842
20849
20856
20863
20870
20266
21413
21412
21411
21410
21409
21408
21407
21406
21405
21404
21403
21402
21401
20786
20779
21400
21399
20769
20761
20752
20743
21398
20734
20723
20733
20722
20711
20721
20732
20741
20742
20751
20760
20768
20264
20778
20785
20791
20798
20805
20812
20819
20826
20833
20840
20839
20832
20831
20838
20845
20844
20837
20830
20823
20816
20809
20802
20795
20796
20803
20810
20817
20824
20825
20818
20811
20804
20797
20790
20789
20782
20772
20771
20763
20754
20745
20736
20725
20714
20715
20726
20737
20260
20261
20755
20263
20764
20773
20774
20775
20776
20783
20784
20777
20767
20766
20765
20756
20747
20262
20746
20738
20728
20727
20716
20706
20705
20697
20689
20681
20682
20683
20259
20690
20698
20707
20717
20718
20729
20739
20748
20757
20758
20759
20750
20749
20740
20731
20730
20719
20720
20709
20710
20701
20700
20708
20699
20691
20692
20693
20685
20258
20684
20257
20675
20668
20661
20660
20659
20649
20650
20639
20640
20651
20652
20641
20631
20630
20623
20613
20603
20604
20253
20614
20254
20624
20632
20642
20653
20654
20665
20672
20671
20664
20663
20670
20662
20669
20676
20677
20678
20686
20694
20702
20703
20712
21397
21396
21395
20695
20687
20679
21394
21393
20655
20644
20643
20633
20634
21392
21391
21390
21389
21388
21387
21386
21385
21384
20575
20580
20585
20590
20596
20606
20616
20626
20625
20615
20605
20252
20595
20589
20584
20579
20574
20568
20569
20563
20555
20562
20249
20561
20554
20548
20541
20549
20542
20535
20536
20543
20550
20556
21383
21382
21381
21380
21379
21378
21377
21376
20509
20519
20526
20525
20518
20508
20498
20499
21375
21374
21373
21372
21371
21370
21369
21368
21367
20432
20421
20431
20437
20438
20448
20447
20455
20456
20464
20472
20479
20489
20488
20487
20242
20477
20478
20471
20463
20462
20470
20476
20475
20468
20469
20461
20460
20452
20453
20454
20446
20240
20436
20435
20445
20444
20443
20442
20441
20434
20425
20417
20426
20427
20428
20429
20418
20419
20430
20238
20420
20413
20236
20404
20414
20422
21366
21365
20415
20405
20395
20384
20385
21364
21363
21362
20370
20374
20379
20378
20377
20383
20394
20393
20403
20412
20411
20410
20400
20399
20409
20408
20397
20398
20388
20389
20390
20391
20401
20402
20392
20382
20376
20372
20231
20367
20361
20362
20368
20373
20233
20369
20363
20364
17551
17550
17549
17361
